ID,Num,Gini,Var,GM,ldlPFC,rdlPFC,rvlPFC,rdmPFC,lMTG,lSPL,rSPL
1001,1,0.25,0.39,0.62,1,0,0,0,0,0,0
1001,2,0.23,0.6,0.17,1,0,0,0,0,0,0
1001,3,0.2,0.36,0.44,1,0,0,0,0,0,0
1001,4,0.34,0.25,0.51,1,0,0,0,0,0,0
1001,5,0.32,0.89,0.95,1,0,0,0,0,0,0
1001,6,0.31,0.33,0.83,1,0,0,0,0,0,0
1001,7,0.35,0.7,0.3,1,0,0,0,0,0,0
1001,8,0.22,0.34,0.89,0,0,0,0,1,0,0
1001,9,0.27,0.36,0.62,0,0,0,0,1,0,0
1001,10,0.31,0.56,1,0,0,0,0,0,1,0
1001,11,0.23,0.38,0.03,0,0,0,0,0,1,0
1001,12,0.4,0.89,0.47,0,0,0,0,0,1,0
1001,13,0.32,0.45,0.71,0,0,0,0,0,1,0
1001,14,0.21,0.46,0.22,0,0,0,0,0,1,0
1001,15,0.29,0.4,0.43,0,1,0,0,0,0,0
1001,16,0.3,0.37,0.58,0,1,0,0,0,0,0
1001,17,0.23,0.49,0.75,0,1,0,0,0,0,0
1001,18,0.29,0.47,0.84,0,1,0,0,0,0,0
1001,19,0.28,0.17,0.82,0,0,0,1,0,0,0
1001,20,0.3,0.36,0.78,0,0,0,1,0,0,0
1001,21,0.33,0.45,0.54,0,0,0,1,0,0,0
1001,22,0.3,0.29,0.88,0,0,0,1,0,0,0
1001,23,0.3,0.44,0.1,0,0,0,1,0,0,0
1001,24,0.24,0.28,0.9,0,0,0,1,0,0,0
1001,25,0.24,0.45,0.83,0,0,0,1,0,0,0
1001,26,0.2,0.59,0.73,0,0,0,0,0,0,1
1001,27,0.33,0.74,0.73,0,0,0,0,0,0,1
1001,28,0.36,0.49,0.92,0,0,0,0,0,0,1
1001,29,0.28,0.7,0.77,0,0,0,0,0,0,1
1001,30,0.19,0.62,0.91,0,0,1,0,0,0,0
1001,31,0.25,0.49,0.45,0,0,1,0,0,0,0
1001,32,0.21,0.33,0.15,0,0,1,0,0,0,0
1002,1,0.41,0.72,0.46,1,0,0,0,0,0,0
1002,2,0.33,0.68,0.84,1,0,0,0,0,0,0
1002,3,0.2,0.63,0.58,1,0,0,0,0,0,0
1002,4,0.27,0.37,0.82,1,0,0,0,0,0,0
1002,5,0.26,0.59,0.74,1,0,0,0,0,0,0
1002,6,0.29,0.7,0.62,1,0,0,0,0,0,0
1002,7,0.27,0.72,0.64,1,0,0,0,0,0,0
1002,8,0.28,0.57,0.41,0,0,0,0,1,0,0
1002,9,0.25,0.45,0.73,0,0,0,0,1,0,0
1002,10,0.33,0.79,0.89,0,0,0,0,0,1,0
1002,11,0.37,0.65,0.29,0,0,0,0,0,1,0
1002,12,0.25,0.55,0.26,0,0,0,0,0,1,0
1002,13,0.18,0.39,0.1,0,0,0,0,0,1,0
1002,14,0.29,0.67,0.1,0,0,0,0,0,1,0
1002,15,0.23,0.69,0.45,0,1,0,0,0,0,0
1002,16,0.29,0.89,0.46,0,1,0,0,0,0,0
1002,17,0.32,0.73,0.79,0,1,0,0,0,0,0
1002,18,0.27,0.86,0.64,0,1,0,0,0,0,0
1002,19,0.18,0.57,0.87,0,0,0,1,0,0,0
1002,20,0.21,0.78,0.63,0,0,0,1,0,0,0
1002,21,0.34,1.04,0.11,0,0,0,1,0,0,0
1002,22,0.23,0.95,0.88,0,0,0,1,0,0,0
1002,23,0.19,0.9,0.35,0,0,0,1,0,0,0
1002,24,0.19,0.85,0.97,0,0,0,1,0,0,0
1002,25,0.34,0.71,0.93,0,0,0,1,0,0,0
1002,26,0.25,0.74,0.92,0,0,0,0,0,0,1
1002,27,0.16,0.62,0.98,0,0,0,0,0,0,1
1002,28,0.3,0.4,0.98,0,0,0,0,0,0,1
1002,29,0.28,0.78,0.85,0,0,0,0,0,0,1
1002,30,0.2,0.4,0.24,0,0,1,0,0,0,0
1002,31,0.2,0.42,0.08,0,0,1,0,0,0,0
1002,32,0.31,0.48,0.52,0,0,1,0,0,0,0
1005,1,0.31,0.37,0.54,1,0,0,0,0,0,0
1005,2,0.22,0.55,0.66,1,0,0,0,0,0,0
1005,3,0.29,0.3,0.15,1,0,0,0,0,0,0
1005,4,0.22,0.21,0.56,1,0,0,0,0,0,0
1005,5,0.25,0.37,0.43,1,0,0,0,0,0,0
1005,6,0.29,0.29,0.53,1,0,0,0,0,0,0
1005,7,0.25,0.44,0.79,1,0,0,0,0,0,0
1005,8,0.37,0.32,0.61,0,0,0,0,1,0,0
1005,9,0.35,0.43,0.52,0,0,0,0,1,0,0
1005,10,0.27,0.56,0.77,0,0,0,0,0,1,0
1005,11,0.32,0.81,0.7,0,0,0,0,0,1,0
1005,12,0.31,0.73,0.51,0,0,0,0,0,1,0
1005,13,0.25,0.52,0.06,0,0,0,0,0,1,0
1005,14,0.28,0.34,0.27,0,0,0,0,0,1,0
1005,15,0.39,0.36,0.52,0,1,0,0,0,0,0
1005,16,0.27,0.42,0.39,0,1,0,0,0,0,0
1005,17,0.24,0.3,0.24,0,1,0,0,0,0,0
1005,18,0.22,0.24,0.8,0,1,0,0,0,0,0
1005,19,0.32,0.33,0.47,0,0,0,1,0,0,0
1005,20,0.22,0.47,0.44,0,0,0,1,0,0,0
1005,21,0.24,0.61,0.56,0,0,0,1,0,0,0
1005,22,0.44,0.5,0.75,0,0,0,1,0,0,0
1005,23,0.35,0.62,0.78,0,0,0,1,0,0,0
1005,24,0.28,0.57,0.75,0,0,0,1,0,0,0
1005,25,0.25,0.57,0.81,0,0,0,1,0,0,0
1005,26,0.37,0.5,0.77,0,0,0,0,0,0,1
1005,27,0.35,0.61,0.59,0,0,0,0,0,0,1
1005,28,0.25,0.46,0.91,0,0,0,0,0,0,1
1005,29,0.19,0.83,0.61,0,0,0,0,0,0,1
1005,30,0.36,0.59,0.26,0,0,1,0,0,0,0
1005,31,0.2,0.45,0.03,0,0,1,0,0,0,0
1005,32,0.33,0.56,0.95,0,0,1,0,0,0,0
1006,1,0.29,0.39,0.21,1,0,0,0,0,0,0
1006,2,0.32,0.42,0.15,1,0,0,0,0,0,0
1006,3,0.24,0.45,0.76,1,0,0,0,0,0,0
1006,4,0.37,0.43,0.11,1,0,0,0,0,0,0
1006,5,0.3,0.61,0.52,1,0,0,0,0,0,0
1006,6,0.32,0.36,0.5,1,0,0,0,0,0,0
1006,7,0.24,0.62,0.53,1,0,0,0,0,0,0
1006,8,0.25,0.49,0.3,0,0,0,0,1,0,0
1006,9,0.27,0.36,0.55,0,0,0,0,1,0,0
1006,10,0.19,0.58,1,0,0,0,0,0,1,0
1006,11,0.19,0.65,0.76,0,0,0,0,0,1,0
1006,12,0.31,0.41,0.21,0,0,0,0,0,1,0
1006,13,0.32,0.5,0.44,0,0,0,0,0,1,0
1006,14,0.43,0.34,0.66,0,0,0,0,0,1,0
1006,15,0.34,0.42,0.64,0,1,0,0,0,0,0
1006,16,0.37,0.6,0.67,0,1,0,0,0,0,0
1006,17,0.23,0.44,0.39,0,1,0,0,0,0,0
1006,18,0.22,0.69,0.3,0,1,0,0,0,0,0
1006,19,0.29,0.28,0.4,0,0,0,1,0,0,0
1006,20,0.24,0.72,0.77,0,0,0,1,0,0,0
1006,21,0.33,0.74,0.21,0,0,0,1,0,0,0
1006,22,0.18,0.57,0.83,0,0,0,1,0,0,0
1006,23,0.31,0.72,0.23,0,0,0,1,0,0,0
1006,24,0.3,0.69,0.9,0,0,0,1,0,0,0
1006,25,0.23,0.63,0.94,0,0,0,1,0,0,0
1006,26,0.21,0.39,0.83,0,0,0,0,0,0,1
1006,27,0.32,0.39,0.78,0,0,0,0,0,0,1
1006,28,0.33,0.5,0.85,0,0,0,0,0,0,1
1006,29,0.21,0.4,0.76,0,0,0,0,0,0,1
1006,30,0.15,0.4,0.91,0,0,1,0,0,0,0
1006,31,0.27,0.41,0.79,0,0,1,0,0,0,0
1006,32,0.32,0.28,0.21,0,0,1,0,0,0,0
1007,1,0.29,0.34,0.69,1,0,0,0,0,0,0
1007,2,0.31,0.43,0.19,1,0,0,0,0,0,0
1007,3,0.28,0.36,0.75,1,0,0,0,0,0,0
1007,4,0.28,0.41,0.6,1,0,0,0,0,0,0
1007,5,0.26,0.36,0.44,1,0,0,0,0,0,0
1007,6,0.34,0.37,0.56,1,0,0,0,0,0,0
1007,7,0.22,0.39,0.87,1,0,0,0,0,0,0
1007,8,0.28,0.47,0.51,0,0,0,0,1,0,0
1007,9,0.35,0.45,0.68,0,0,0,0,1,0,0
1007,10,0.27,0.56,1,0,0,0,0,0,1,0
1007,11,0.31,0.58,0.94,0,0,0,0,0,1,0
1007,12,0.25,0.48,0.6,0,0,0,0,0,1,0
1007,13,0.21,0.37,0.93,0,0,0,0,0,1,0
1007,14,0.33,0.32,0.51,0,0,0,0,0,1,0
1007,15,0.27,0.37,0.71,0,1,0,0,0,0,0
1007,16,0.23,0.24,0.82,0,1,0,0,0,0,0
1007,17,0.25,0.62,0.42,0,1,0,0,0,0,0
1007,18,0.24,0.68,0.93,0,1,0,0,0,0,0
1007,19,0.24,0.3,0.76,0,0,0,1,0,0,0
1007,20,0.33,0.7,0.65,0,0,0,1,0,0,0
1007,21,0.3,0.43,0.68,0,0,0,1,0,0,0
1007,22,0.24,0.42,0.4,0,0,0,1,0,0,0
1007,23,0.31,0.34,0.15,0,0,0,1,0,0,0
1007,24,0.21,0.33,0.99,0,0,0,1,0,0,0
1007,25,0.32,0.47,0.95,0,0,0,1,0,0,0
1007,26,0.34,0.48,0.96,0,0,0,0,0,0,1
1007,27,0.23,0.36,0.94,0,0,0,0,0,0,1
1007,28,0.2,0.6,0.87,0,0,0,0,0,0,1
1007,29,0.32,0.5,0.68,0,0,0,0,0,0,1
1007,30,0.32,0.38,0.79,0,0,1,0,0,0,0
1007,31,0.3,0.36,0.06,0,0,1,0,0,0,0
1007,32,0.25,0.31,0.8,0,0,1,0,0,0,0
1008,1,0.2,0.26,0.91,1,0,0,0,0,0,0
1008,2,0.29,0.62,0.2,1,0,0,0,0,0,0
1008,3,0.28,0.3,0.35,1,0,0,0,0,0,0
1008,4,0.25,0.28,0.9,1,0,0,0,0,0,0
1008,5,0.26,0.44,0.72,1,0,0,0,0,0,0
1008,6,0.17,0.29,0.69,1,0,0,0,0,0,0
1008,7,0.32,0.2,0.82,1,0,0,0,0,0,0
1008,8,0.34,0.24,0.76,0,0,0,0,1,0,0
1008,9,0.27,0.32,0.72,0,0,0,0,1,0,0
1008,10,0.29,0.77,1,0,0,0,0,0,1,0
1008,11,0.2,0.42,0.68,0,0,0,0,0,1,0
1008,12,0.38,0.47,0.22,0,0,0,0,0,1,0
1008,13,0.28,0.47,0.23,0,0,0,0,0,1,0
1008,14,0.25,0.24,0.09,0,0,0,0,0,1,0
1008,15,0.25,0.58,0.48,0,1,0,0,0,0,0
1008,16,0.31,0.48,0.43,0,1,0,0,0,0,0
1008,17,0.23,0.7,0.5,0,1,0,0,0,0,0
1008,18,0.24,0.53,0.49,0,1,0,0,0,0,0
1008,19,0.36,0.25,0.16,0,0,0,1,0,0,0
1008,20,0.31,0.35,0.88,0,0,0,1,0,0,0
1008,21,0.38,0.35,0.67,0,0,0,1,0,0,0
1008,22,0.29,0.61,0.94,0,0,0,1,0,0,0
1008,23,0.25,0.32,0.16,0,0,0,1,0,0,0
1008,24,0.28,0.49,0.94,0,0,0,1,0,0,0
1008,25,0.15,0.26,0.9,0,0,0,1,0,0,0
1008,26,0.34,0.41,0.91,0,0,0,0,0,0,1
1008,27,0.18,0.55,0.84,0,0,0,0,0,0,1
1008,28,0.34,0.55,1,0,0,0,0,0,0,1
1008,29,0.26,0.25,0.3,0,0,0,0,0,0,1
1008,30,0.28,0.34,0.58,0,0,1,0,0,0,0
1008,31,0.24,0.28,0.04,0,0,1,0,0,0,0
1008,32,0.28,0.22,0.96,0,0,1,0,0,0,0
1031,1,0.27,0.74,0.73,1,0,0,0,0,0,0
1031,2,0.32,0.92,0.69,1,0,0,0,0,0,0
1031,3,0.3,0.69,0.86,1,0,0,0,0,0,0
1031,4,0.34,0.36,0.78,1,0,0,0,0,0,0
1031,5,0.33,0.58,0.43,1,0,0,0,0,0,0
1031,6,0.27,0.52,0.57,1,0,0,0,0,0,0
1031,7,0.31,0.5,0.61,1,0,0,0,0,0,0
1031,8,0.23,0.66,0.61,0,0,0,0,1,0,0
1031,9,0.29,0.77,0.66,0,0,0,0,1,0,0
1031,10,0.29,0.83,1,0,0,0,0,0,1,0
1031,11,0.23,0.76,0.56,0,0,0,0,0,1,0
1031,12,0.27,0.84,0.54,0,0,0,0,0,1,0
1031,13,0.38,0.56,0.64,0,0,0,0,0,1,0
1031,14,0.38,0.5,0.91,0,0,0,0,0,1,0
1031,15,0.27,0.91,0.82,0,1,0,0,0,0,0
1031,16,0.25,0.77,0.81,0,1,0,0,0,0,0
1031,17,0.34,0.84,0.85,0,1,0,0,0,0,0
1031,18,0.35,0.78,0.35,0,1,0,0,0,0,0
1031,19,0.21,0.55,0.84,0,0,0,1,0,0,0
1031,20,0.27,0.66,0.85,0,0,0,1,0,0,0
1031,21,0.27,0.56,0.9,0,0,0,1,0,0,0
1031,22,0.28,0.65,0.8,0,0,0,1,0,0,0
1031,23,0.4,0.65,0.4,0,0,0,1,0,0,0
1031,24,0.42,0.56,0.7,0,0,0,1,0,0,0
1031,25,0.34,0.65,0.73,0,0,0,1,0,0,0
1031,26,0.32,0.55,0.76,0,0,0,0,0,0,1
1031,27,0.2,0.51,0.82,0,0,0,0,0,0,1
1031,28,0.27,0.55,0.97,0,0,0,0,0,0,1
1031,29,0.3,0.41,0.25,0,0,0,0,0,0,1
1031,30,0.35,0.47,0.93,0,0,1,0,0,0,0
1031,31,0.41,0.42,0.74,0,0,1,0,0,0,0
1031,32,0.27,0.32,0.08,0,0,1,0,0,0,0
1032,1,0.32,0.41,0.6,1,0,0,0,0,0,0
1032,2,0.26,0.41,0.42,1,0,0,0,0,0,0
1032,3,0.27,0.35,0.28,1,0,0,0,0,0,0
1032,4,0.24,0.33,0.63,1,0,0,0,0,0,0
1032,5,0.28,0.58,0.45,1,0,0,0,0,0,0
1032,6,0.3,0.46,0.54,1,0,0,0,0,0,0
1032,7,0.17,0.46,0.27,1,0,0,0,0,0,0
1032,8,0.37,0.44,0.13,0,0,0,0,1,0,0
1032,9,0.25,0.43,0.61,0,0,0,0,1,0,0
1032,10,0.32,0.5,1,0,0,0,0,0,1,0
1032,11,0.31,0.78,0.85,0,0,0,0,0,1,0
1032,12,0.26,0.47,0.11,0,0,0,0,0,1,0
1032,13,0.26,0.71,0.38,0,0,0,0,0,1,0
1032,14,0.26,0.58,0.78,0,0,0,0,0,1,0
1032,15,0.16,0.45,0.84,0,1,0,0,0,0,0
1032,16,0.22,0.41,0.11,0,1,0,0,0,0,0
1032,17,0.32,0.56,0.32,0,1,0,0,0,0,0
1032,18,0.21,0.68,0.74,0,1,0,0,0,0,0
1032,19,0.26,0.34,0.57,0,0,0,1,0,0,0
1032,20,0.2,0.64,0.66,0,0,0,1,0,0,0
1032,21,0.29,0.61,0.6,0,0,0,1,0,0,0
1032,22,0.32,0.64,0.82,0,0,0,1,0,0,0
1032,23,0.32,0.66,0.41,0,0,0,1,0,0,0
1032,24,0.28,0.5,0.67,0,0,0,1,0,0,0
1032,25,0.35,0.37,0.81,0,0,0,1,0,0,0
1032,26,0.34,0.61,0.73,0,0,0,0,0,0,1
1032,27,0.19,0.53,0.74,0,0,0,0,0,0,1
1032,28,0.31,0.53,0.96,0,0,0,0,0,0,1
1032,29,0.35,0.67,0.47,0,0,0,0,0,0,1
1032,30,0.33,0.56,0.42,0,0,1,0,0,0,0
1032,31,0.33,0.45,0.18,0,0,1,0,0,0,0
1032,32,0.29,0.3,0.62,0,0,1,0,0,0,0
1034,1,0.21,0.26,0.85,1,0,0,0,0,0,0
1034,2,0.19,0.47,0.53,1,0,0,0,0,0,0
1034,3,0.25,0.51,0.74,1,0,0,0,0,0,0
1034,4,0.27,0.23,0.26,1,0,0,0,0,0,0
1034,5,0.23,0.62,0.79,1,0,0,0,0,0,0
1034,6,0.3,0.2,0.46,1,0,0,0,0,0,0
1034,7,0.25,0.33,0.31,1,0,0,0,0,0,0
1034,8,0.38,0.41,0.29,0,0,0,0,1,0,0
1034,9,0.22,0.32,0.7,0,0,0,0,1,0,0
1034,10,0.4,0.82,1,0,0,0,0,0,1,0
1034,11,0.43,0.64,0.22,0,0,0,0,0,1,0
1034,12,0.34,0.57,0.81,0,0,0,0,0,1,0
1034,13,0.41,0.71,0.95,0,0,0,0,0,1,0
1034,14,0.34,0.42,0.64,0,0,0,0,0,1,0
1034,15,0.31,0.63,0.73,0,1,0,0,0,0,0
1034,16,0.33,0.54,0.63,0,1,0,0,0,0,0
1034,17,0.24,0.67,0.53,0,1,0,0,0,0,0
1034,18,0.2,0.55,0.82,0,1,0,0,0,0,0
1034,19,0.33,0.24,0.71,0,0,0,1,0,0,0
1034,20,0.39,0.54,0.86,0,0,0,1,0,0,0
1034,21,0.29,0.41,0.79,0,0,0,1,0,0,0
1034,22,0.25,0.57,0.75,0,0,0,1,0,0,0
1034,23,0.17,0.59,0.55,0,0,0,1,0,0,0
1034,24,0.28,0.38,0.97,0,0,0,1,0,0,0
1034,25,0.22,0.34,0.97,0,0,0,1,0,0,0
1034,26,0.26,0.51,0.9,0,0,0,0,0,0,1
1034,27,0.29,0.35,0.97,0,0,0,0,0,0,1
1034,28,0.32,0.51,0.98,0,0,0,0,0,0,1
1034,29,0.27,0.45,0.16,0,0,0,0,0,0,1
1034,30,0.28,0.29,0.62,0,0,1,0,0,0,0
1034,31,0.3,0.24,0.06,0,0,1,0,0,0,0
1034,32,0.27,0.38,0.34,0,0,1,0,0,0,0
1036,1,0.28,0.61,0.84,1,0,0,0,0,0,0
1036,2,0.27,0.45,0.26,1,0,0,0,0,0,0
1036,3,0.3,0.44,0.58,1,0,0,0,0,0,0
1036,4,0.31,0.31,0.62,1,0,0,0,0,0,0
1036,5,0.23,0.87,0.67,1,0,0,0,0,0,0
1036,6,0.24,0.69,0.35,1,0,0,0,0,0,0
1036,7,0.32,0.58,0.74,1,0,0,0,0,0,0
1036,8,0.24,0.69,0.9,0,0,0,0,1,0,0
1036,9,0.24,0.62,0.68,0,0,0,0,1,0,0
1036,10,0.28,0.76,0.99,0,0,0,0,0,1,0
1036,11,0.32,0.71,0.63,0,0,0,0,0,1,0
1036,12,0.21,0.72,0.53,0,0,0,0,0,1,0
1036,13,0.27,0.43,0.86,0,0,0,0,0,1,0
1036,14,0.28,0.5,0.87,0,0,0,0,0,1,0
1036,15,0.22,0.82,0.68,0,1,0,0,0,0,0
1036,16,0.29,0.63,0.66,0,1,0,0,0,0,0
1036,17,0.31,0.8,0.6,0,1,0,0,0,0,0
1036,18,0.25,0.68,0.27,0,1,0,0,0,0,0
1036,19,0.25,0.68,0.74,0,0,0,1,0,0,0
1036,20,0.3,0.63,0.74,0,0,0,1,0,0,0
1036,21,0.27,0.51,0.64,0,0,0,1,0,0,0
1036,22,0.27,0.55,0.86,0,0,0,1,0,0,0
1036,23,0.34,0.53,0.8,0,0,0,1,0,0,0
1036,24,0.28,0.5,0.88,0,0,0,1,0,0,0
1036,25,0.25,0.65,0.97,0,0,0,1,0,0,0
1036,26,0.27,0.69,0.91,0,0,0,0,0,0,1
1036,27,0.2,0.45,0.83,0,0,0,0,0,0,1
1036,28,0.33,0.79,0.97,0,0,0,0,0,0,1
1036,29,0.29,0.77,0.87,0,0,0,0,0,0,1
1036,30,0.22,0.55,0.79,0,0,1,0,0,0,0
1036,31,0.33,0.51,0.27,0,0,1,0,0,0,0
1036,32,0.25,0.3,0.87,0,0,1,0,0,0,0
1072,1,0.25,0.36,0.81,1,0,0,0,0,0,0
1072,2,0.27,0.47,0.15,1,0,0,0,0,0,0
1072,3,0.25,0.5,0.24,1,0,0,0,0,0,0
1072,4,0.32,0.53,0.19,1,0,0,0,0,0,0
1072,5,0.19,0.46,0.23,1,0,0,0,0,0,0
1072,6,0.33,0.29,0.48,1,0,0,0,0,0,0
1072,7,0.36,0.63,0.83,1,0,0,0,0,0,0
1072,8,0.3,0.23,0.44,0,0,0,0,1,0,0
1072,9,0.28,0.64,0.48,0,0,0,0,1,0,0
1072,10,0.24,0.63,1,0,0,0,0,0,1,0
1072,11,0.23,0.52,0.89,0,0,0,0,0,1,0
1072,12,0.19,0.56,0.64,0,0,0,0,0,1,0
1072,13,0.29,0.32,0.71,0,0,0,0,0,1,0
1072,14,0.27,0.41,0.75,0,0,0,0,0,1,0
1072,15,0.33,0.4,0.41,0,1,0,0,0,0,0
1072,16,0.31,0.34,0.87,0,1,0,0,0,0,0
1072,17,0.39,0.39,0.56,0,1,0,0,0,0,0
1072,18,0.22,0.42,0.67,0,1,0,0,0,0,0
1072,19,0.4,0.3,0.58,0,0,0,1,0,0,0
1072,20,0.24,0.44,0.54,0,0,0,1,0,0,0
1072,21,0.34,0.52,0.35,0,0,0,1,0,0,0
1072,22,0.28,0.52,0.89,0,0,0,1,0,0,0
1072,23,0.31,0.66,0.17,0,0,0,1,0,0,0
1072,24,0.23,0.27,0.66,0,0,0,1,0,0,0
1072,25,0.39,0.32,0.9,0,0,0,1,0,0,0
1072,26,0.2,0.49,0.93,0,0,0,0,0,0,1
1072,27,0.37,0.59,0.8,0,0,0,0,0,0,1
1072,28,0.27,0.52,1,0,0,0,0,0,0,1
1072,29,0.26,0.46,0.41,0,0,0,0,0,0,1
1072,30,0.24,0.58,0.6,0,0,1,0,0,0,0
1072,31,0.31,0.52,0.8,0,0,1,0,0,0,0
1072,32,0.22,0.64,0.95,0,0,1,0,0,0,0
1077,1,0.24,0.71,0.95,1,0,0,0,0,0,0
1077,2,0.33,0.61,0.04,1,0,0,0,0,0,0
1077,3,0.33,0.67,0.54,1,0,0,0,0,0,0
1077,4,0.2,0.57,0.64,1,0,0,0,0,0,0
1077,5,0.26,0.7,0.29,1,0,0,0,0,0,0
1077,6,0.31,0.73,0.64,1,0,0,0,0,0,0
1077,7,0.34,0.63,0.48,1,0,0,0,0,0,0
1077,8,0.22,0.78,0.31,0,0,0,0,1,0,0
1077,9,0.24,0.66,0.8,0,0,0,0,1,0,0
1077,10,0.21,0.59,0.95,0,0,0,0,0,1,0
1077,11,0.31,0.62,0.46,0,0,0,0,0,1,0
1077,12,0.24,0.79,0.48,0,0,0,0,0,1,0
1077,13,0.28,0.41,0.48,0,0,0,0,0,1,0
1077,14,0.26,0.84,0.47,0,0,0,0,0,1,0
1077,15,0.21,0.6,0.6,0,1,0,0,0,0,0
1077,16,0.22,0.64,0.66,0,1,0,0,0,0,0
1077,17,0.19,0.48,0.46,0,1,0,0,0,0,0
1077,18,0.22,0.64,0.79,0,1,0,0,0,0,0
1077,19,0.33,0.56,0.76,0,0,0,1,0,0,0
1077,20,0.33,0.63,0.8,0,0,0,1,0,0,0
1077,21,0.31,0.63,0.49,0,0,0,1,0,0,0
1077,22,0.3,0.69,0.96,0,0,0,1,0,0,0
1077,23,0.32,0.66,0.41,0,0,0,1,0,0,0
1077,24,0.22,0.58,0.86,0,0,0,1,0,0,0
1077,25,0.28,0.79,0.98,0,0,0,1,0,0,0
1077,26,0.36,0.79,0.72,0,0,0,0,0,0,1
1077,27,0.23,0.53,0.84,0,0,0,0,0,0,1
1077,28,0.2,0.72,0.99,0,0,0,0,0,0,1
1077,29,0.25,0.65,0.44,0,0,0,0,0,0,1
1077,30,0.29,0.51,0.72,0,0,1,0,0,0,0
1077,31,0.23,0.38,0.08,0,0,1,0,0,0,0
1077,32,0.31,0.59,0.88,0,0,1,0,0,0,0
1078,1,0.34,0.26,0.61,1,0,0,0,0,0,0
1078,2,0.18,0.3,0.12,1,0,0,0,0,0,0
1078,3,0.25,0.32,0.54,1,0,0,0,0,0,0
1078,4,0.33,0.26,0.54,1,0,0,0,0,0,0
1078,5,0.35,0.35,0.98,1,0,0,0,0,0,0
1078,6,0.29,0.41,0.47,1,0,0,0,0,0,0
1078,7,0.28,0.34,0.44,1,0,0,0,0,0,0
1078,8,0.2,0.33,0.31,0,0,0,0,1,0,0
1078,9,0.3,0.27,0.55,0,0,0,0,1,0,0
1078,10,0.27,0.45,1,0,0,0,0,0,1,0
1078,11,0.36,0.58,0.67,0,0,0,0,0,1,0
1078,12,0.38,0.43,0.17,0,0,0,0,0,1,0
1078,13,0.34,0.27,0.31,0,0,0,0,0,1,0
1078,14,0.33,0.32,0.55,0,0,0,0,0,1,0
1078,15,0.36,0.36,0.4,0,1,0,0,0,0,0
1078,16,0.33,0.51,0.82,0,1,0,0,0,0,0
1078,17,0.29,0.37,0.3,0,1,0,0,0,0,0
1078,18,0.21,0.42,0.67,0,1,0,0,0,0,0
1078,19,0.36,0.37,0.72,0,0,0,1,0,0,0
1078,20,0.23,0.41,0.62,0,0,0,1,0,0,0
1078,21,0.4,0.53,0.74,0,0,0,1,0,0,0
1078,22,0.25,0.54,0.46,0,0,0,1,0,0,0
1078,23,0.28,0.45,0.38,0,0,0,1,0,0,0
1078,24,0.36,0.32,0.68,0,0,0,1,0,0,0
1078,25,0.28,0.35,0.77,0,0,0,1,0,0,0
1078,26,0.35,0.4,0.79,0,0,0,0,0,0,1
1078,27,0.26,0.55,0.81,0,0,0,0,0,0,1
1078,28,0.17,0.37,0.94,0,0,0,0,0,0,1
1078,29,0.27,0.45,0.68,0,0,0,0,0,0,1
1078,30,0.35,0.32,0.58,0,0,1,0,0,0,0
1078,31,0.33,0.32,0.88,0,0,1,0,0,0,0
1078,32,0.27,0.44,0.51,0,0,1,0,0,0,0
1081,1,0.24,0.42,0.71,1,0,0,0,0,0,0
1081,2,0.17,0.3,0.12,1,0,0,0,0,0,0
1081,3,0.28,0.41,0.92,1,0,0,0,0,0,0
1081,4,0.36,0.21,0.34,1,0,0,0,0,0,0
1081,5,0.33,0.35,0.31,1,0,0,0,0,0,0
1081,6,0.21,0.36,0.68,1,0,0,0,0,0,0
1081,7,0.19,0.29,0.67,1,0,0,0,0,0,0
1081,8,0.25,0.36,0.91,0,0,0,0,1,0,0
1081,9,0.26,0.63,0.66,0,0,0,0,1,0,0
1081,10,0.37,0.66,0.99,0,0,0,0,0,1,0
1081,11,0.44,0.57,0.26,0,0,0,0,0,1,0
1081,12,0.3,0.49,0.85,0,0,0,0,0,1,0
1081,13,0.23,0.33,0.7,0,0,0,0,0,1,0
1081,14,0.2,0.33,0.82,0,0,0,0,0,1,0
1081,15,0.13,0.66,0.63,0,1,0,0,0,0,0
1081,16,0.33,0.47,0.62,0,1,0,0,0,0,0
1081,17,0.21,0.65,0.46,0,1,0,0,0,0,0
1081,18,0.26,0.6,0.33,0,1,0,0,0,0,0
1081,19,0.19,0.25,0.69,0,0,0,1,0,0,0
1081,20,0.26,0.57,0.58,0,0,0,1,0,0,0
1081,21,0.26,0.55,0.83,0,0,0,1,0,0,0
1081,22,0.24,0.48,0.54,0,0,0,1,0,0,0
1081,23,0.24,0.5,0.08,0,0,0,1,0,0,0
1081,24,0.25,0.4,0.93,0,0,0,1,0,0,0
1081,25,0.18,0.6,0.98,0,0,0,1,0,0,0
1081,26,0.32,0.46,0.98,0,0,0,0,0,0,1
1081,27,0.18,0.35,0.97,0,0,0,0,0,0,1
1081,28,0.22,0.55,1,0,0,0,0,0,0,1
1081,29,0.2,0.58,0.2,0,0,0,0,0,0,1
1081,30,0.27,0.37,0.85,0,0,1,0,0,0,0
1081,31,0.34,0.32,0.83,0,0,1,0,0,0,0
1081,32,0.25,0.34,0.43,0,0,1,0,0,0,0
1089,1,0.25,0.25,0.87,1,0,0,0,0,0,0
1089,2,0.26,0.31,0.13,1,0,0,0,0,0,0
1089,3,0.25,0.37,0.74,1,0,0,0,0,0,0
1089,4,0.34,0.35,0.56,1,0,0,0,0,0,0
1089,5,0.33,0.51,0.41,1,0,0,0,0,0,0
1089,6,0.27,0.43,0.54,1,0,0,0,0,0,0
1089,7,0.28,0.29,0.58,1,0,0,0,0,0,0
1089,8,0.27,0.38,0.37,0,0,0,0,1,0,0
1089,9,0.17,0.3,0.49,0,0,0,0,1,0,0
1089,10,0.3,0.38,1,0,0,0,0,0,1,0
1089,11,0.31,0.46,0.84,0,0,0,0,0,1,0
1089,12,0.38,0.42,0.52,0,0,0,0,0,1,0
1089,13,0.21,0.35,0.87,0,0,0,0,0,1,0
1089,14,0.19,0.64,0.8,0,0,0,0,0,1,0
1089,15,0.3,0.59,0.79,0,1,0,0,0,0,0
1089,16,0.32,0.66,0.81,0,1,0,0,0,0,0
1089,17,0.3,0.64,0.59,0,1,0,0,0,0,0
1089,18,0.3,0.62,0.81,0,1,0,0,0,0,0
1089,19,0.24,0.34,0.8,0,0,0,1,0,0,0
1089,20,0.24,0.36,0.71,0,0,0,1,0,0,0
1089,21,0.24,0.37,0.57,0,0,0,1,0,0,0
1089,22,0.31,0.4,0.91,0,0,0,1,0,0,0
1089,23,0.34,0.37,0.29,0,0,0,1,0,0,0
1089,24,0.31,0.32,0.77,0,0,0,1,0,0,0
1089,25,0.2,0.3,0.7,0,0,0,1,0,0,0
1089,26,0.2,0.55,0.78,0,0,0,0,0,0,1
1089,27,0.26,0.3,0.86,0,0,0,0,0,0,1
1089,28,0.36,0.54,0.93,0,0,0,0,0,0,1
1089,29,0.2,0.51,0.58,0,0,0,0,0,0,1
1089,30,0.28,0.57,0.69,0,0,1,0,0,0,0
1089,31,0.43,0.27,0.11,0,0,1,0,0,0,0
1089,32,0.31,0.45,0.51,0,0,1,0,0,0,0
1090,1,0.33,0.26,0.95,1,0,0,0,0,0,0
1090,2,0.33,0.5,0.14,1,0,0,0,0,0,0
1090,3,0.28,0.33,0.61,1,0,0,0,0,0,0
1090,4,0.24,0.27,0.49,1,0,0,0,0,0,0
1090,5,0.42,0.63,0.47,1,0,0,0,0,0,0
1090,6,0.39,0.39,0.79,1,0,0,0,0,0,0
1090,7,0.22,0.32,0.55,1,0,0,0,0,0,0
1090,8,0.17,0.37,0.45,0,0,0,0,1,0,0
1090,9,0.22,0.32,0.39,0,0,0,0,1,0,0
1090,10,0.23,0.69,0.98,0,0,0,0,0,1,0
1090,11,0.28,0.51,0.21,0,0,0,0,0,1,0
1090,12,0.27,0.78,0.44,0,0,0,0,0,1,0
1090,13,0.21,0.52,0.9,0,0,0,0,0,1,0
1090,14,0.32,0.56,0.27,0,0,0,0,0,1,0
1090,15,0.25,0.59,0.36,0,1,0,0,0,0,0
1090,16,0.39,0.49,0.57,0,1,0,0,0,0,0
1090,17,0.25,0.86,0.62,0,1,0,0,0,0,0
1090,18,0.4,0.73,0.4,0,1,0,0,0,0,0
1090,19,0.22,0.39,0.64,0,0,0,1,0,0,0
1090,20,0.37,0.46,0.7,0,0,0,1,0,0,0
1090,21,0.32,0.44,0.72,0,0,0,1,0,0,0
1090,22,0.31,0.69,0.66,0,0,0,1,0,0,0
1090,23,0.28,0.63,0.23,0,0,0,1,0,0,0
1090,24,0.23,0.43,0.28,0,0,0,1,0,0,0
1090,25,0.25,0.47,0.66,0,0,0,1,0,0,0
1090,26,0.26,0.53,0.58,0,0,0,0,0,0,1
1090,27,0.28,0.33,0.7,0,0,0,0,0,0,1
1090,28,0.28,0.48,0.92,0,0,0,0,0,0,1
1090,29,0.2,0.57,0.72,0,0,0,0,0,0,1
1090,30,0.29,0.37,0.91,0,0,1,0,0,0,0
1090,31,0.29,0.37,0.5,0,0,1,0,0,0,0
1090,32,0.27,0.53,0.53,0,0,1,0,0,0,0
1091,1,0.27,0.39,0.75,1,0,0,0,0,0,0
1091,2,0.4,0.57,0.63,1,0,0,0,0,0,0
1091,3,0.36,0.4,0.85,1,0,0,0,0,0,0
1091,4,0.23,0.33,0.86,1,0,0,0,0,0,0
1091,5,0.17,0.4,0.75,1,0,0,0,0,0,0
1091,6,0.31,0.3,0.75,1,0,0,0,0,0,0
1091,7,0.23,0.4,0.42,1,0,0,0,0,0,0
1091,8,0.33,0.34,0.64,0,0,0,0,1,0,0
1091,9,0.36,0.36,0.7,0,0,0,0,1,0,0
1091,10,0.25,0.61,1,0,0,0,0,0,1,0
1091,11,0.2,0.75,0.63,0,0,0,0,0,1,0
1091,12,0.21,0.49,0.36,0,0,0,0,0,1,0
1091,13,0.19,0.65,0.2,0,0,0,0,0,1,0
1091,14,0.34,0.49,0.2,0,0,0,0,0,1,0
1091,15,0.33,0.6,0.71,0,1,0,0,0,0,0
1091,16,0.29,0.45,0.46,0,1,0,0,0,0,0
1091,17,0.19,0.63,0.6,0,1,0,0,0,0,0
1091,18,0.28,0.36,0.52,0,1,0,0,0,0,0
1091,19,0.32,0.33,0.43,0,0,0,1,0,0,0
1091,20,0.25,0.4,0.6,0,0,0,1,0,0,0
1091,21,0.31,0.57,0.85,0,0,0,1,0,0,0
1091,22,0.3,0.7,0.37,0,0,0,1,0,0,0
1091,23,0.17,0.5,0.19,0,0,0,1,0,0,0
1091,24,0.22,0.56,0.78,0,0,0,1,0,0,0
1091,25,0.24,0.25,0.72,0,0,0,1,0,0,0
1091,26,0.26,0.68,0.77,0,0,0,0,0,0,1
1091,27,0.24,0.6,0.84,0,0,0,0,0,0,1
1091,28,0.21,0.54,0.77,0,0,0,0,0,0,1
1091,29,0.31,0.6,0.73,0,0,0,0,0,0,1
1091,30,0.32,0.46,0.83,0,0,1,0,0,0,0
1091,31,0.29,0.46,0.58,0,0,1,0,0,0,0
1091,32,0.29,0.43,0.92,0,0,1,0,0,0,0
1098,1,0.3,0.44,0.89,1,0,0,0,0,0,0
1098,2,0.29,0.53,0.23,1,0,0,0,0,0,0
1098,3,0.29,0.21,0.3,1,0,0,0,0,0,0
1098,4,0.26,0.32,0.5,1,0,0,0,0,0,0
1098,5,0.31,0.4,0.75,1,0,0,0,0,0,0
1098,6,0.23,0.3,0.49,1,0,0,0,0,0,0
1098,7,0.37,0.33,0.65,1,0,0,0,0,0,0
1098,8,0.29,0.37,0.46,0,0,0,0,1,0,0
1098,9,0.28,0.41,0.6,0,0,0,0,1,0,0
1098,10,0.3,0.6,1,0,0,0,0,0,1,0
1098,11,0.25,0.56,0.21,0,0,0,0,0,1,0
1098,12,0.15,0.37,0.8,0,0,0,0,0,1,0
1098,13,0.19,0.44,0.58,0,0,0,0,0,1,0
1098,14,0.34,0.54,0.06,0,0,0,0,0,1,0
1098,15,0.34,0.59,0.42,0,1,0,0,0,0,0
1098,16,0.28,0.34,0.68,0,1,0,0,0,0,0
1098,17,0.36,0.44,0.48,0,1,0,0,0,0,0
1098,18,0.23,0.35,0.34,0,1,0,0,0,0,0
1098,19,0.27,0.38,0.66,0,0,0,1,0,0,0
1098,20,0.28,0.46,0.62,0,0,0,1,0,0,0
1098,21,0.23,0.28,0.82,0,0,0,1,0,0,0
1098,22,0.21,0.43,0.79,0,0,0,1,0,0,0
1098,23,0.31,0.47,0.67,0,0,0,1,0,0,0
1098,24,0.25,0.33,0.88,0,0,0,1,0,0,0
1098,25,0.31,0.34,0.86,0,0,0,1,0,0,0
1098,26,0.31,0.3,0.69,0,0,0,0,0,0,1
1098,27,0.29,0.29,0.72,0,0,0,0,0,0,1
1098,28,0.29,0.29,0.8,0,0,0,0,0,0,1
1098,29,0.24,0.52,0.4,0,0,0,0,0,0,1
1098,30,0.24,0.3,0.72,0,0,1,0,0,0,0
1098,31,0.29,0.2,0.26,0,0,1,0,0,0,0
1098,32,0.21,0.44,0.38,0,0,1,0,0,0,0
1105,1,0.19,0.28,0.57,1,0,0,0,0,0,0
1105,2,0.31,0.44,0.09,1,0,0,0,0,0,0
1105,3,0.2,0.19,0.71,1,0,0,0,0,0,0
1105,4,0.24,0.35,0.21,1,0,0,0,0,0,0
1105,5,0.23,0.36,0.41,1,0,0,0,0,0,0
1105,6,0.29,0.38,0.76,1,0,0,0,0,0,0
1105,7,0.29,0.47,0.24,1,0,0,0,0,0,0
1105,8,0.21,0.52,0.26,0,0,0,0,1,0,0
1105,9,0.35,0.41,0.62,0,0,0,0,1,0,0
1105,10,0.18,0.66,0.98,0,0,0,0,0,1,0
1105,11,0.24,0.39,0.95,0,0,0,0,0,1,0
1105,12,0.34,0.59,0.15,0,0,0,0,0,1,0
1105,13,0.31,0.37,0.36,0,0,0,0,0,1,0
1105,14,0.34,0.39,0.79,0,0,0,0,0,1,0
1105,15,0.32,0.49,0.23,0,1,0,0,0,0,0
1105,16,0.27,0.6,0.73,0,1,0,0,0,0,0
1105,17,0.34,0.45,0.41,0,1,0,0,0,0,0
1105,18,0.35,0.47,0.25,0,1,0,0,0,0,0
1105,19,0.18,0.28,0.78,0,0,0,1,0,0,0
1105,20,0.46,0.56,0.78,0,0,0,1,0,0,0
1105,21,0.2,0.54,0.56,0,0,0,1,0,0,0
1105,22,0.29,0.51,0.85,0,0,0,1,0,0,0
1105,23,0.28,0.47,0.35,0,0,0,1,0,0,0
1105,24,0.25,0.43,0.88,0,0,0,1,0,0,0
1105,25,0.21,0.39,0.68,0,0,0,1,0,0,0
1105,26,0.2,0.42,0.75,0,0,0,0,0,0,1
1105,27,0.28,0.61,0.99,0,0,0,0,0,0,1
1105,28,0.3,0.56,0.87,0,0,0,0,0,0,1
1105,29,0.26,0.47,0.24,0,0,0,0,0,0,1
1105,30,0.29,0.3,0.46,0,0,1,0,0,0,0
1105,31,0.42,0.3,0.02,0,0,1,0,0,0,0
1105,32,0.36,0.37,0.82,0,0,1,0,0,0,0
1106,1,0.3,0.35,0.88,1,0,0,0,0,0,0
1106,2,0.29,0.64,0.53,1,0,0,0,0,0,0
1106,3,0.26,0.47,0.28,1,0,0,0,0,0,0
1106,4,0.16,0.54,0.74,1,0,0,0,0,0,0
1106,5,0.39,0.46,0.51,1,0,0,0,0,0,0
1106,6,0.22,0.56,0.52,1,0,0,0,0,0,0
1106,7,0.28,0.63,0.57,1,0,0,0,0,0,0
1106,8,0.33,0.31,0.43,0,0,0,0,1,0,0
1106,9,0.24,0.38,0.64,0,0,0,0,1,0,0
1106,10,0.31,0.73,0.99,0,0,0,0,0,1,0
1106,11,0.32,0.68,0.98,0,0,0,0,0,1,0
1106,12,0.3,0.5,0.37,0,0,0,0,0,1,0
1106,13,0.16,0.46,0.76,0,0,0,0,0,1,0
1106,14,0.4,0.69,0.95,0,0,0,0,0,1,0
1106,15,0.32,0.68,0.68,0,1,0,0,0,0,0
1106,16,0.34,0.68,0.49,0,1,0,0,0,0,0
1106,17,0.21,0.6,0.76,0,1,0,0,0,0,0
1106,18,0.29,0.43,0.47,0,1,0,0,0,0,0
1106,19,0.31,0.5,0.71,0,0,0,1,0,0,0
1106,20,0.24,0.57,0.46,0,0,0,1,0,0,0
1106,21,0.31,0.61,0.39,0,0,0,1,0,0,0
1106,22,0.33,0.6,0.38,0,0,0,1,0,0,0
1106,23,0.29,0.71,0.31,0,0,0,1,0,0,0
1106,24,0.28,0.56,0.81,0,0,0,1,0,0,0
1106,25,0.31,0.57,0.79,0,0,0,1,0,0,0
1106,26,0.29,0.73,0.6,0,0,0,0,0,0,1
1106,27,0.21,0.65,0.8,0,0,0,0,0,0,1
1106,28,0.24,0.7,0.92,0,0,0,0,0,0,1
1106,29,0.22,0.56,0.7,0,0,0,0,0,0,1
1106,30,0.34,0.41,0.24,0,0,1,0,0,0,0
1106,31,0.23,0.41,0.76,0,0,1,0,0,0,0
1106,32,0.31,0.56,0.88,0,0,1,0,0,0,0
1111,1,0.26,0.39,0.34,1,0,0,0,0,0,0
1111,2,0.28,0.35,0.72,1,0,0,0,0,0,0
1111,3,0.2,0.63,0.72,1,0,0,0,0,0,0
1111,4,0.27,0.62,0.23,1,0,0,0,0,0,0
1111,5,0.32,0.29,0.77,1,0,0,0,0,0,0
1111,6,0.2,0.69,0.34,1,0,0,0,0,0,0
1111,7,0.34,0.62,0.65,1,0,0,0,0,0,0
1111,8,0.26,0.32,0.37,0,0,0,0,1,0,0
1111,9,0.28,0.48,0.72,0,0,0,0,1,0,0
1111,10,0.32,0.54,1,0,0,0,0,0,1,0
1111,11,0.21,0.67,0.92,0,0,0,0,0,1,0
1111,12,0.25,0.8,0.41,0,0,0,0,0,1,0
1111,13,0.26,0.51,0.59,0,0,0,0,0,1,0
1111,14,0.25,0.82,0.87,0,0,0,0,0,1,0
1111,15,0.24,0.55,0.74,0,1,0,0,0,0,0
1111,16,0.2,0.53,0.13,0,1,0,0,0,0,0
1111,17,0.34,0.52,0.3,0,1,0,0,0,0,0
1111,18,0.24,0.5,0.89,0,1,0,0,0,0,0
1111,19,0.32,0.42,0.49,0,0,0,1,0,0,0
1111,20,0.35,0.55,0.65,0,0,0,1,0,0,0
1111,21,0.34,0.57,0.95,0,0,0,1,0,0,0
1111,22,0.4,0.59,0.41,0,0,0,1,0,0,0
1111,23,0.22,0.54,0.89,0,0,0,1,0,0,0
1111,24,0.35,0.87,0.71,0,0,0,1,0,0,0
1111,25,0.42,0.42,0.64,0,0,0,1,0,0,0
1111,26,0.27,0.54,0.74,0,0,0,0,0,0,1
1111,27,0.34,0.36,0.75,0,0,0,0,0,0,1
1111,28,0.33,0.45,0.95,0,0,0,0,0,0,1
1111,29,0.29,0.59,0.66,0,0,0,0,0,0,1
1111,30,0.32,0.67,0.73,0,0,1,0,0,0,0
1111,31,0.29,0.71,0.76,0,0,1,0,0,0,0
1111,32,0.24,0.67,0.72,0,0,1,0,0,0,0
1115,1,0.28,0.5,0.93,1,0,0,0,0,0,0
1115,2,0.22,0.38,0.24,1,0,0,0,0,0,0
1115,3,0.26,0.38,0.18,1,0,0,0,0,0,0
1115,4,0.33,0.28,0.66,1,0,0,0,0,0,0
1115,5,0.33,0.42,0.64,1,0,0,0,0,0,0
1115,6,0.36,0.37,0.52,1,0,0,0,0,0,0
1115,7,0.24,0.26,0.73,1,0,0,0,0,0,0
1115,8,0.35,0.34,0.39,0,0,0,0,1,0,0
1115,9,0.37,0.45,0.72,0,0,0,0,1,0,0
1115,10,0.29,0.48,0.88,0,0,0,0,0,1,0
1115,11,0.29,0.31,0.32,0,0,0,0,0,1,0
1115,12,0.34,0.54,0.33,0,0,0,0,0,1,0
1115,13,0.28,0.28,0.8,0,0,0,0,0,1,0
1115,14,0.24,0.35,0.11,0,0,0,0,0,1,0
1115,15,0.24,0.25,0.27,0,1,0,0,0,0,0
1115,16,0.32,0.38,0.48,0,1,0,0,0,0,0
1115,17,0.35,0.3,0.37,0,1,0,0,0,0,0
1115,18,0.22,0.4,0.18,0,1,0,0,0,0,0
1115,19,0.19,0.46,0.6,0,0,0,1,0,0,0
1115,20,0.29,0.59,0.73,0,0,0,1,0,0,0
1115,21,0.29,0.63,0.55,0,0,0,1,0,0,0
1115,22,0.25,0.58,0.61,0,0,0,1,0,0,0
1115,23,0.39,0.45,0.44,0,0,0,1,0,0,0
1115,24,0.28,0.37,0.79,0,0,0,1,0,0,0
1115,25,0.3,0.31,0.93,0,0,0,1,0,0,0
1115,26,0.29,0.38,0.75,0,0,0,0,0,0,1
1115,27,0.34,0.44,0.84,0,0,0,0,0,0,1
1115,28,0.17,0.35,0.85,0,0,0,0,0,0,1
1115,29,0.29,0.33,0.1,0,0,0,0,0,0,1
1115,30,0.25,0.43,0.74,0,0,1,0,0,0,0
1115,31,0.23,0.4,0.21,0,0,1,0,0,0,0
1115,32,0.19,0.61,0.43,0,0,1,0,0,0,0
1116,1,0.29,0.42,0.9,1,0,0,0,0,0,0
1116,2,0.24,0.4,0.42,1,0,0,0,0,0,0
1116,3,0.19,0.45,0.24,1,0,0,0,0,0,0
1116,4,0.24,0.31,0.94,1,0,0,0,0,0,0
1116,5,0.17,0.61,0.66,1,0,0,0,0,0,0
1116,6,0.26,0.36,0.51,1,0,0,0,0,0,0
1116,7,0.23,0.4,0.69,1,0,0,0,0,0,0
1116,8,0.36,0.48,0.7,0,0,0,0,1,0,0
1116,9,0.26,0.58,0.56,0,0,0,0,1,0,0
1116,10,0.24,0.54,0.98,0,0,0,0,0,1,0
1116,11,0.33,0.55,0.38,0,0,0,0,0,1,0
1116,12,0.27,0.42,0.74,0,0,0,0,0,1,0
1116,13,0.28,0.47,0.59,0,0,0,0,0,1,0
1116,14,0.25,0.41,0.19,0,0,0,0,0,1,0
1116,15,0.25,0.54,0.53,0,1,0,0,0,0,0
1116,16,0.3,0.43,0.58,0,1,0,0,0,0,0
1116,17,0.36,0.51,0.62,0,1,0,0,0,0,0
1116,18,0.31,0.3,0.4,0,1,0,0,0,0,0
1116,19,0.28,0.22,0.45,0,0,0,1,0,0,0
1116,20,0.37,0.55,0.49,0,0,0,1,0,0,0
1116,21,0.25,0.6,0.35,0,0,0,1,0,0,0
1116,22,0.29,0.62,0.61,0,0,0,1,0,0,0
1116,23,0.38,0.45,0.07,0,0,0,1,0,0,0
1116,24,0.2,0.27,0.91,0,0,0,1,0,0,0
1116,25,0.26,0.3,0.72,0,0,0,1,0,0,0
1116,26,0.21,0.35,0.76,0,0,0,0,0,0,1
1116,27,0.24,0.5,0.86,0,0,0,0,0,0,1
1116,28,0.33,0.41,0.83,0,0,0,0,0,0,1
1116,29,0.22,0.26,0.68,0,0,0,0,0,0,1
1116,30,0.15,0.41,0.81,0,0,1,0,0,0,0
1116,31,0.26,0.43,0.14,0,0,1,0,0,0,0
1116,32,0.31,0.38,0.21,0,0,1,0,0,0,0
1117,1,0.28,0.44,0.65,1,0,0,0,0,0,0
1117,2,0.21,0.68,0.43,1,0,0,0,0,0,0
1117,3,0.22,0.55,0.22,1,0,0,0,0,0,0
1117,4,0.21,0.3,0.29,1,0,0,0,0,0,0
1117,5,0.26,0.64,0.69,1,0,0,0,0,0,0
1117,6,0.19,0.38,0.63,1,0,0,0,0,0,0
1117,7,0.27,0.5,0.42,1,0,0,0,0,0,0
1117,8,0.29,0.2,0.86,0,0,0,0,1,0,0
1117,9,0.22,0.56,0.65,0,0,0,0,1,0,0
1117,10,0.31,0.99,1,0,0,0,0,0,1,0
1117,11,0.28,0.71,0.09,0,0,0,0,0,1,0
1117,12,0.42,1.09,0.49,0,0,0,0,0,1,0
1117,13,0.21,0.68,0.92,0,0,0,0,0,1,0
1117,14,0.31,0.53,0.22,0,0,0,0,0,1,0
1117,15,0.31,0.82,0.29,0,1,0,0,0,0,0
1117,16,0.33,0.72,0.3,0,1,0,0,0,0,0
1117,17,0.31,0.63,0.41,0,1,0,0,0,0,0
1117,18,0.25,0.44,0.73,0,1,0,0,0,0,0
1117,19,0.38,0.38,0.62,0,0,0,1,0,0,0
1117,20,0.33,0.96,0.58,0,0,0,1,0,0,0
1117,21,0.34,0.69,0.56,0,0,0,1,0,0,0
1117,22,0.31,0.38,0.48,0,0,0,1,0,0,0
1117,23,0.23,0.51,0.76,0,0,0,1,0,0,0
1117,24,0.29,0.38,0.71,0,0,0,1,0,0,0
1117,25,0.18,0.67,0.81,0,0,0,1,0,0,0
1117,26,0.24,0.86,0.83,0,0,0,0,0,0,1
1117,27,0.29,0.72,0.77,0,0,0,0,0,0,1
1117,28,0.28,0.91,0.97,0,0,0,0,0,0,1
1117,29,0.24,0.55,0.1,0,0,0,0,0,0,1
1117,30,0.16,0.55,0.69,0,0,1,0,0,0,0
1117,31,0.34,0.47,0.69,0,0,1,0,0,0,0
1117,32,0.4,0.39,0.24,0,0,1,0,0,0,0
1118,1,0.3,0.5,0.28,1,0,0,0,0,0,0
1118,2,0.29,0.47,0.66,1,0,0,0,0,0,0
1118,3,0.2,0.36,0.41,1,0,0,0,0,0,0
1118,4,0.26,0.26,0.26,1,0,0,0,0,0,0
1118,5,0.3,0.39,0.16,1,0,0,0,0,0,0
1118,6,0.28,0.5,0.53,1,0,0,0,0,0,0
1118,7,0.2,0.37,0.58,1,0,0,0,0,0,0
1118,8,0.21,0.23,0.59,0,0,0,0,1,0,0
1118,9,0.24,0.45,0.68,0,0,0,0,1,0,0
1118,10,0.32,0.67,0.99,0,0,0,0,0,1,0
1118,11,0.28,0.59,0.81,0,0,0,0,0,1,0
1118,12,0.24,0.61,0.44,0,0,0,0,0,1,0
1118,13,0.42,0.31,0.9,0,0,0,0,0,1,0
1118,14,0.34,0.49,0.56,0,0,0,0,0,1,0
1118,15,0.36,0.5,0.44,0,1,0,0,0,0,0
1118,16,0.24,0.44,0.45,0,1,0,0,0,0,0
1118,17,0.28,0.54,0.58,0,1,0,0,0,0,0
1118,18,0.27,0.48,0.68,0,1,0,0,0,0,0
1118,19,0.27,0.31,0.78,0,0,0,1,0,0,0
1118,20,0.29,0.47,0.62,0,0,0,1,0,0,0
1118,21,0.3,0.41,0.35,0,0,0,1,0,0,0
1118,22,0.29,0.82,0.5,0,0,0,1,0,0,0
1118,23,0.32,0.42,0.19,0,0,0,1,0,0,0
1118,24,0.29,0.46,0.97,0,0,0,1,0,0,0
1118,25,0.26,0.29,0.89,0,0,0,1,0,0,0
1118,26,0.31,0.25,0.9,0,0,0,0,0,0,1
1118,27,0.29,0.29,0.72,0,0,0,0,0,0,1
1118,28,0.36,0.36,0.91,0,0,0,0,0,0,1
1118,29,0.28,0.66,0.25,0,0,0,0,0,0,1
1118,30,0.31,0.31,0.26,0,0,1,0,0,0,0
1118,31,0.32,0.39,0.14,0,0,1,0,0,0,0
1118,32,0.17,0.48,0.39,0,0,1,0,0,0,0
1119,1,0.23,0.36,0.04,1,0,0,0,0,0,0
1119,2,0.21,0.5,0.19,1,0,0,0,0,0,0
1119,3,0.29,0.38,0.54,1,0,0,0,0,0,0
1119,4,0.32,0.38,0.5,1,0,0,0,0,0,0
1119,5,0.31,0.59,0.94,1,0,0,0,0,0,0
1119,6,0.25,0.59,0.69,1,0,0,0,0,0,0
1119,7,0.19,0.55,0.48,1,0,0,0,0,0,0
1119,8,0.28,0.42,0.72,0,0,0,0,1,0,0
1119,9,0.2,0.44,0.58,0,0,0,0,1,0,0
1119,10,0.31,0.74,1,0,0,0,0,0,1,0
1119,11,0.32,0.51,0.97,0,0,0,0,0,1,0
1119,12,0.29,0.45,0.91,0,0,0,0,0,1,0
1119,13,0.22,0.35,0.75,0,0,0,0,0,1,0
1119,14,0.26,0.45,0.79,0,0,0,0,0,1,0
1119,15,0.22,0.42,0.54,0,1,0,0,0,0,0
1119,16,0.22,0.43,0.5,0,1,0,0,0,0,0
1119,17,0.31,0.49,0.47,0,1,0,0,0,0,0
1119,18,0.33,0.66,0.84,0,1,0,0,0,0,0
1119,19,0.33,0.52,0.58,0,0,0,1,0,0,0
1119,20,0.38,0.6,0.85,0,0,0,1,0,0,0
1119,21,0.27,0.49,0.35,0,0,0,1,0,0,0
1119,22,0.23,0.49,0.75,0,0,0,1,0,0,0
1119,23,0.29,0.35,0.33,0,0,0,1,0,0,0
1119,24,0.22,0.56,0.9,0,0,0,1,0,0,0
1119,25,0.39,0.34,0.73,0,0,0,1,0,0,0
1119,26,0.22,0.68,0.86,0,0,0,0,0,0,1
1119,27,0.17,0.67,0.92,0,0,0,0,0,0,1
1119,28,0.36,0.68,0.96,0,0,0,0,0,0,1
1119,29,0.27,0.46,0.56,0,0,0,0,0,0,1
1119,30,0.32,0.61,0.57,0,0,1,0,0,0,0
1119,31,0.4,0.53,0.51,0,0,1,0,0,0,0
1119,32,0.24,0.68,0.97,0,0,1,0,0,0,0
1125,1,0.29,0.61,0.69,1,0,0,0,0,0,0
1125,2,0.22,0.26,0.12,1,0,0,0,0,0,0
1125,3,0.37,0.41,0.14,1,0,0,0,0,0,0
1125,4,0.34,0.23,0.18,1,0,0,0,0,0,0
1125,5,0.34,0.28,0.29,1,0,0,0,0,0,0
1125,6,0.3,0.39,0.5,1,0,0,0,0,0,0
1125,7,0.25,0.31,0.43,1,0,0,0,0,0,0
1125,8,0.18,0.35,0.24,0,0,0,0,1,0,0
1125,9,0.34,0.32,0.5,0,0,0,0,1,0,0
1125,10,0.27,0.44,0.98,0,0,0,0,0,1,0
1125,11,0.22,0.68,0.97,0,0,0,0,0,1,0
1125,12,0.27,0.37,0.72,0,0,0,0,0,1,0
1125,13,0.13,0.56,0.56,0,0,0,0,0,1,0
1125,14,0.32,0.39,0.64,0,0,0,0,0,1,0
1125,15,0.33,0.6,0.51,0,1,0,0,0,0,0
1125,16,0.27,0.47,0.65,0,1,0,0,0,0,0
1125,17,0.17,0.55,0.46,0,1,0,0,0,0,0
1125,18,0.24,0.46,0.45,0,1,0,0,0,0,0
1125,19,0.23,0.37,0.62,0,0,0,1,0,0,0
1125,20,0.15,0.41,0.55,0,0,0,1,0,0,0
1125,21,0.35,0.49,0.77,0,0,0,1,0,0,0
1125,22,0.31,0.59,0.63,0,0,0,1,0,0,0
1125,23,0.29,0.65,0.41,0,0,0,1,0,0,0
1125,24,0.29,0.5,0.88,0,0,0,1,0,0,0
1125,25,0.28,0.4,0.83,0,0,0,1,0,0,0
1125,26,0.15,0.56,0.65,0,0,0,0,0,0,1
1125,27,0.26,0.52,0.8,0,0,0,0,0,0,1
1125,28,0.31,0.5,0.87,0,0,0,0,0,0,1
1125,29,0.18,0.52,0.22,0,0,0,0,0,0,1
1125,30,0.25,0.34,0.44,0,0,1,0,0,0,0
1125,31,0.21,0.24,0.42,0,0,1,0,0,0,0
1125,32,0.25,0.4,0.83,0,0,1,0,0,0,0
1126,1,0.17,0.5,0.66,1,0,0,0,0,0,0
1126,2,0.2,0.39,0.41,1,0,0,0,0,0,0
1126,3,0.31,0.28,0.39,1,0,0,0,0,0,0
1126,4,0.33,0.26,0.27,1,0,0,0,0,0,0
1126,5,0.3,0.52,0.81,1,0,0,0,0,0,0
1126,6,0.37,0.44,0.35,1,0,0,0,0,0,0
1126,7,0.33,0.3,0.82,1,0,0,0,0,0,0
1126,8,0.26,0.33,0.11,0,0,0,0,1,0,0
1126,9,0.27,0.45,0.46,0,0,0,0,1,0,0
1126,10,0.27,0.67,0.98,0,0,0,0,0,1,0
1126,11,0.36,0.6,0.85,0,0,0,0,0,1,0
1126,12,0.28,0.58,0.42,0,0,0,0,0,1,0
1126,13,0.34,0.43,0.33,0,0,0,0,0,1,0
1126,14,0.39,0.42,0.46,0,0,0,0,0,1,0
1126,15,0.17,1,0.77,0,1,0,0,0,0,0
1126,16,0.34,0.68,0.81,0,1,0,0,0,0,0
1126,17,0.24,0.78,0.66,0,1,0,0,0,0,0
1126,18,0.21,0.63,0.39,0,1,0,0,0,0,0
1126,19,0.39,0.4,0.62,0,0,0,1,0,0,0
1126,20,0.34,0.36,0.58,0,0,0,1,0,0,0
1126,21,0.36,0.47,0.64,0,0,0,1,0,0,0
1126,22,0.32,0.64,0.53,0,0,0,1,0,0,0
1126,23,0.31,0.46,0.41,0,0,0,1,0,0,0
1126,24,0.32,0.34,0.88,0,0,0,1,0,0,0
1126,25,0.31,0.4,0.6,0,0,0,1,0,0,0
1126,26,0.25,0.78,0.86,0,0,0,0,0,0,1
1126,27,0.26,0.55,0.9,0,0,0,0,0,0,1
1126,28,0.3,0.56,0.87,0,0,0,0,0,0,1
1126,29,0.26,0.55,0.27,0,0,0,0,0,0,1
1126,30,0.29,0.47,0.52,0,0,1,0,0,0,0
1126,31,0.28,0.46,0.41,0,0,1,0,0,0,0
1126,32,0.36,0.56,0.61,0,0,1,0,0,0,0
1127,1,0.44,0.48,0.73,1,0,0,0,0,0,0
1127,2,0.16,0.57,0.2,1,0,0,0,0,0,0
1127,3,0.26,0.37,0.53,1,0,0,0,0,0,0
1127,4,0.26,0.28,0.37,1,0,0,0,0,0,0
1127,5,0.29,0.42,0.84,1,0,0,0,0,0,0
1127,6,0.25,0.66,0.72,1,0,0,0,0,0,0
1127,7,0.37,0.42,0.85,1,0,0,0,0,0,0
1127,8,0.15,0.47,0.44,0,0,0,0,1,0,0
1127,9,0.39,0.4,0.61,0,0,0,0,1,0,0
1127,10,0.29,0.72,1,0,0,0,0,0,1,0
1127,11,0.32,0.66,0.58,0,0,0,0,0,1,0
1127,12,0.25,0.54,0.29,0,0,0,0,0,1,0
1127,13,0.3,0.56,0.63,0,0,0,0,0,1,0
1127,14,0.24,0.51,0.53,0,0,0,0,0,1,0
1127,15,0.2,0.54,0.74,0,1,0,0,0,0,0
1127,16,0.28,0.5,0.54,0,1,0,0,0,0,0
1127,17,0.33,0.54,0.56,0,1,0,0,0,0,0
1127,18,0.3,0.64,0.33,0,1,0,0,0,0,0
1127,19,0.28,0.33,0.76,0,0,0,1,0,0,0
1127,20,0.34,0.49,0.81,0,0,0,1,0,0,0
1127,21,0.25,0.68,0.46,0,0,0,1,0,0,0
1127,22,0.37,0.66,0.86,0,0,0,1,0,0,0
1127,23,0.22,0.47,0.15,0,0,0,1,0,0,0
1127,24,0.31,0.42,0.75,0,0,0,1,0,0,0
1127,25,0.23,0.43,0.86,0,0,0,1,0,0,0
1127,26,0.3,0.59,0.83,0,0,0,0,0,0,1
1127,27,0.31,0.62,0.92,0,0,0,0,0,0,1
1127,28,0.27,0.61,0.92,0,0,0,0,0,0,1
1127,29,0.43,0.71,0.82,0,0,0,0,0,0,1
1127,30,0.32,0.36,0.29,0,0,1,0,0,0,0
1127,31,0.34,0.25,0.42,0,0,1,0,0,0,0
1127,32,0.25,0.31,0.21,0,0,1,0,0,0,0
1128,1,0.31,0.35,0.74,1,0,0,0,0,0,0
1128,2,0.24,0.52,0.49,1,0,0,0,0,0,0
1128,3,0.35,0.45,0.51,1,0,0,0,0,0,0
1128,4,0.17,0.47,0.93,1,0,0,0,0,0,0
1128,5,0.26,0.33,0.86,1,0,0,0,0,0,0
1128,6,0.23,0.39,0.23,1,0,0,0,0,0,0
1128,7,0.28,0.41,0.46,1,0,0,0,0,0,0
1128,8,0.23,0.47,0.54,0,0,0,0,1,0,0
1128,9,0.21,0.41,0.59,0,0,0,0,1,0,0
1128,10,0.38,0.56,0.92,0,0,0,0,0,1,0
1128,11,0.33,0.44,0.5,0,0,0,0,0,1,0
1128,12,0.21,0.46,0.59,0,0,0,0,0,1,0
1128,13,0.27,0.42,0.57,0,0,0,0,0,1,0
1128,14,0.24,0.35,0.79,0,0,0,0,0,1,0
1128,15,0.33,0.82,0.37,0,1,0,0,0,0,0
1128,16,0.3,0.78,0.76,0,1,0,0,0,0,0
1128,17,0.21,0.79,0.56,0,1,0,0,0,0,0
1128,18,0.31,0.78,0.6,0,1,0,0,0,0,0
1128,19,0.24,0.61,0.82,0,0,0,1,0,0,0
1128,20,0.26,0.64,0.74,0,0,0,1,0,0,0
1128,21,0.38,0.6,0.6,0,0,0,1,0,0,0
1128,22,0.21,0.58,0.65,0,0,0,1,0,0,0
1128,23,0.24,1.02,0.35,0,0,0,1,0,0,0
1128,24,0.24,0.82,0.65,0,0,0,1,0,0,0
1128,25,0.19,0.5,0.73,0,0,0,1,0,0,0
1128,26,0.28,0.6,0.79,0,0,0,0,0,0,1
1128,27,0.27,0.53,0.97,0,0,0,0,0,0,1
1128,28,0.27,0.42,0.93,0,0,0,0,0,0,1
1128,29,0.32,0.64,0.21,0,0,0,0,0,0,1
1128,30,0.22,0.4,0.89,0,0,1,0,0,0,0
1128,31,0.29,0.44,0.86,0,0,1,0,0,0,0
1128,32,0.2,0.49,0.34,0,0,1,0,0,0,0
1132,1,0.27,0.48,0.81,1,0,0,0,0,0,0
1132,2,0.35,0.35,0.11,1,0,0,0,0,0,0
1132,3,0.21,0.35,0.57,1,0,0,0,0,0,0
1132,4,0.33,0.32,0.5,1,0,0,0,0,0,0
1132,5,0.33,0.37,0.95,1,0,0,0,0,0,0
1132,6,0.26,0.34,0.38,1,0,0,0,0,0,0
1132,7,0.26,0.25,0.42,1,0,0,0,0,0,0
1132,8,0.22,0.51,0.68,0,0,0,0,1,0,0
1132,9,0.28,0.31,0.79,0,0,0,0,1,0,0
1132,10,0.37,0.47,1,0,0,0,0,0,1,0
1132,11,0.24,0.38,0.36,0,0,0,0,0,1,0
1132,12,0.2,0.46,0.33,0,0,0,0,0,1,0
1132,13,0.38,0.38,0.63,0,0,0,0,0,1,0
1132,14,0.29,0.38,0.51,0,0,0,0,0,1,0
1132,15,0.28,0.63,0.33,0,1,0,0,0,0,0
1132,16,0.21,0.57,0.75,0,1,0,0,0,0,0
1132,17,0.31,0.53,0.48,0,1,0,0,0,0,0
1132,18,0.33,0.53,0.79,0,1,0,0,0,0,0
1132,19,0.35,0.58,0.61,0,0,0,1,0,0,0
1132,20,0.23,0.33,0.49,0,0,0,1,0,0,0
1132,21,0.28,0.44,0.62,0,0,0,1,0,0,0
1132,22,0.37,0.59,0.88,0,0,0,1,0,0,0
1132,23,0.34,0.74,0.31,0,0,0,1,0,0,0
1132,24,0.3,0.48,0.98,0,0,0,1,0,0,0
1132,25,0.37,0.35,0.8,0,0,0,1,0,0,0
1132,26,0.33,0.54,0.82,0,0,0,0,0,0,1
1132,27,0.29,0.56,0.96,0,0,0,0,0,0,1
1132,28,0.31,0.63,0.95,0,0,0,0,0,0,1
1132,29,0.26,0.38,0.45,0,0,0,0,0,0,1
1132,30,0.31,0.36,0.51,0,0,1,0,0,0,0
1132,31,0.32,0.35,0.15,0,0,1,0,0,0,0
1132,32,0.27,0.37,0.32,0,0,1,0,0,0,0
1133,1,0.26,0.41,0.9,1,0,0,0,0,0,0
1133,2,0.17,0.3,0.09,1,0,0,0,0,0,0
1133,3,0.32,0.51,0.72,1,0,0,0,0,0,0
1133,4,0.19,0.51,0.67,1,0,0,0,0,0,0
1133,5,0.21,0.49,0.75,1,0,0,0,0,0,0
1133,6,0.29,0.49,0.47,1,0,0,0,0,0,0
1133,7,0.33,0.49,0.52,1,0,0,0,0,0,0
1133,8,0.17,0.5,0.38,0,0,0,0,1,0,0
1133,9,0.24,0.45,0.43,0,0,0,0,1,0,0
1133,10,0.18,0.75,0.92,0,0,0,0,0,1,0
1133,11,0.23,0.47,0.86,0,0,0,0,0,1,0
1133,12,0.36,0.76,0.77,0,0,0,0,0,1,0
1133,13,0.37,0.69,0.39,0,0,0,0,0,1,0
1133,14,0.24,0.59,0.29,0,0,0,0,0,1,0
1133,15,0.21,0.62,0.33,0,1,0,0,0,0,0
1133,16,0.3,0.63,0.78,0,1,0,0,0,0,0
1133,17,0.29,0.61,0.4,0,1,0,0,0,0,0
1133,18,0.3,0.43,0.22,0,1,0,0,0,0,0
1133,19,0.26,0.4,0.77,0,0,0,1,0,0,0
1133,20,0.24,0.64,0.62,0,0,0,1,0,0,0
1133,21,0.35,0.66,0.94,0,0,0,1,0,0,0
1133,22,0.31,0.63,0.89,0,0,0,1,0,0,0
1133,23,0.25,0.58,0.27,0,0,0,1,0,0,0
1133,24,0.33,0.59,0.84,0,0,0,1,0,0,0
1133,25,0.27,0.51,0.97,0,0,0,1,0,0,0
1133,26,0.29,0.73,0.8,0,0,0,0,0,0,1
1133,27,0.32,0.66,0.77,0,0,0,0,0,0,1
1133,28,0.27,0.55,1,0,0,0,0,0,0,1
1133,29,0.42,0.62,0.7,0,0,0,0,0,0,1
1133,30,0.25,0.53,0.64,0,0,1,0,0,0,0
1133,31,0.23,0.45,0.75,0,0,1,0,0,0,0
1133,32,0.22,0.71,0.53,0,0,1,0,0,0,0
1134,1,0.26,0.72,0.34,1,0,0,0,0,0,0
1134,2,0.37,0.63,0.31,1,0,0,0,0,0,0
1134,3,0.3,0.51,0.34,1,0,0,0,0,0,0
1134,4,0.24,0.56,0.66,1,0,0,0,0,0,0
1134,5,0.37,0.46,0.67,1,0,0,0,0,0,0
1134,6,0.3,0.71,0.46,1,0,0,0,0,0,0
1134,7,0.29,0.62,0.79,1,0,0,0,0,0,0
1134,8,0.24,0.66,0.9,0,0,0,0,1,0,0
1134,9,0.18,0.61,0.55,0,0,0,0,1,0,0
1134,10,0.29,0.76,0.84,0,0,0,0,0,1,0
1134,11,0.31,0.62,0.8,0,0,0,0,0,1,0
1134,12,0.28,0.62,0.84,0,0,0,0,0,1,0
1134,13,0.16,0.5,0.34,0,0,0,0,0,1,0
1134,14,0.17,0.47,0.76,0,0,0,0,0,1,0
1134,15,0.3,0.69,0.14,0,1,0,0,0,0,0
1134,16,0.36,0.67,0.47,0,1,0,0,0,0,0
1134,17,0.3,0.63,0.37,0,1,0,0,0,0,0
1134,18,0.27,0.55,0.36,0,1,0,0,0,0,0
1134,19,0.19,0.58,0.77,0,0,0,1,0,0,0
1134,20,0.45,0.47,0.6,0,0,0,1,0,0,0
1134,21,0.31,0.71,0.52,0,0,0,1,0,0,0
1134,22,0.39,0.8,0.82,0,0,0,1,0,0,0
1134,23,0.22,0.66,0.73,0,0,0,1,0,0,0
1134,24,0.26,0.61,0.78,0,0,0,1,0,0,0
1134,25,0.27,0.47,0.53,0,0,0,1,0,0,0
1134,26,0.29,0.82,0.59,0,0,0,0,0,0,1
1134,27,0.17,0.55,0.72,0,0,0,0,0,0,1
1134,28,0.29,0.65,0.75,0,0,0,0,0,0,1
1134,29,0.31,0.57,0.31,0,0,0,0,0,0,1
1134,30,0.25,0.49,0.27,0,0,1,0,0,0,0
1134,31,0.22,0.6,0.91,0,0,1,0,0,0,0
1134,32,0.31,0.64,0.84,0,0,1,0,0,0,0
1136,1,0.27,0.54,0.88,1,0,0,0,0,0,0
1136,2,0.39,0.74,0.18,1,0,0,0,0,0,0
1136,3,0.35,0.65,0.19,1,0,0,0,0,0,0
1136,4,0.35,0.32,0.57,1,0,0,0,0,0,0
1136,5,0.3,0.6,0.83,1,0,0,0,0,0,0
1136,6,0.32,0.44,0.76,1,0,0,0,0,0,0
1136,7,0.22,0.72,0.07,1,0,0,0,0,0,0
1136,8,0.28,0.62,0.22,0,0,0,0,1,0,0
1136,9,0.28,0.34,0.72,0,0,0,0,1,0,0
1136,10,0.26,0.59,0.98,0,0,0,0,0,1,0
1136,11,0.33,0.53,0.88,0,0,0,0,0,1,0
1136,12,0.33,1.03,0.14,0,0,0,0,0,1,0
1136,13,0.28,0.39,0.28,0,0,0,0,0,1,0
1136,14,0.24,0.48,0.46,0,0,0,0,0,1,0
1136,15,0.31,0.55,0.25,0,1,0,0,0,0,0
1136,16,0.31,0.69,0.8,0,1,0,0,0,0,0
1136,17,0.25,0.63,0.63,0,1,0,0,0,0,0
1136,18,0.36,0.65,0.38,0,1,0,0,0,0,0
1136,19,0.26,0.53,0.51,0,0,0,1,0,0,0
1136,20,0.32,0.62,0.82,0,0,0,1,0,0,0
1136,21,0.26,0.59,0.49,0,0,0,1,0,0,0
1136,22,0.35,0.52,0.59,0,0,0,1,0,0,0
1136,23,0.23,0.77,0.93,0,0,0,1,0,0,0
1136,24,0.44,0.77,0.63,0,0,0,1,0,0,0
1136,25,0.22,0.6,0.41,0,0,0,1,0,0,0
1136,26,0.37,0.49,0.73,0,0,0,0,0,0,1
1136,27,0.2,0.73,0.77,0,0,0,0,0,0,1
1136,28,0.34,0.6,0.93,0,0,0,0,0,0,1
1136,29,0.2,0.66,0.48,0,0,0,0,0,0,1
1136,30,0.23,0.79,0.8,0,0,1,0,0,0,0
1136,31,0.36,0.44,0.67,0,0,1,0,0,0,0
1136,32,0.44,0.63,0.36,0,0,1,0,0,0,0
1142,1,0.33,0.47,0.76,1,0,0,0,0,0,0
1142,2,0.31,0.3,0.13,1,0,0,0,0,0,0
1142,3,0.28,0.38,0.11,1,0,0,0,0,0,0
1142,4,0.25,0.31,0.81,1,0,0,0,0,0,0
1142,5,0.25,0.49,0.81,1,0,0,0,0,0,0
1142,6,0.18,0.47,0.64,1,0,0,0,0,0,0
1142,7,0.34,0.42,0.76,1,0,0,0,0,0,0
1142,8,0.29,0.49,0.54,0,0,0,0,1,0,0
1142,9,0.31,0.41,0.64,0,0,0,0,1,0,0
1142,10,0.19,0.52,1,0,0,0,0,0,1,0
1142,11,0.3,0.51,0.79,0,0,0,0,0,1,0
1142,12,0.34,0.46,0.35,0,0,0,0,0,1,0
1142,13,0.27,0.31,0.17,0,0,0,0,0,1,0
1142,14,0.32,0.36,0.93,0,0,0,0,0,1,0
1142,15,0.26,0.5,0.78,0,1,0,0,0,0,0
1142,16,0.28,0.49,0.57,0,1,0,0,0,0,0
1142,17,0.23,0.46,0.54,0,1,0,0,0,0,0
1142,18,0.31,0.32,0.18,0,1,0,0,0,0,0
1142,19,0.34,0.36,0.64,0,0,0,1,0,0,0
1142,20,0.33,0.52,0.58,0,0,0,1,0,0,0
1142,21,0.25,0.66,0.81,0,0,0,1,0,0,0
1142,22,0.25,0.7,0.82,0,0,0,1,0,0,0
1142,23,0.2,0.49,0.2,0,0,0,1,0,0,0
1142,24,0.18,0.57,0.78,0,0,0,1,0,0,0
1142,25,0.28,0.35,0.77,0,0,0,1,0,0,0
1142,26,0.38,0.45,0.6,0,0,0,0,0,0,1
1142,27,0.22,0.27,0.7,0,0,0,0,0,0,1
1142,28,0.29,0.29,0.96,0,0,0,0,0,0,1
1142,29,0.42,0.47,0.77,0,0,0,0,0,0,1
1142,30,0.41,0.39,0.63,0,0,1,0,0,0,0
1142,31,0.19,0.56,0.93,0,0,1,0,0,0,0
1142,32,0.22,0.59,0.2,0,0,1,0,0,0,0
1143,1,0.23,0.62,1,1,0,0,0,0,0,0
1143,2,0.17,0.54,0.26,1,0,0,0,0,0,0
1143,3,0.31,0.33,0.65,1,0,0,0,0,0,0
1143,4,0.23,0.26,0.7,1,0,0,0,0,0,0
1143,5,0.32,0.48,0.7,1,0,0,0,0,0,0
1143,6,0.3,0.48,0.54,1,0,0,0,0,0,0
1143,7,0.27,0.25,0.5,1,0,0,0,0,0,0
1143,8,0.18,0.46,0.79,0,0,0,0,1,0,0
1143,9,0.24,0.67,0.7,0,0,0,0,1,0,0
1143,10,0.24,0.66,0.95,0,0,0,0,0,1,0
1143,11,0.25,0.52,0.98,0,0,0,0,0,1,0
1143,12,0.25,0.53,0.52,0,0,0,0,0,1,0
1143,13,0.24,0.42,0.52,0,0,0,0,0,1,0
1143,14,0.4,0.28,0.86,0,0,0,0,0,1,0
1143,15,0.29,0.62,0.33,0,1,0,0,0,0,0
1143,16,0.31,0.51,0.76,0,1,0,0,0,0,0
1143,17,0.37,0.69,0.59,0,1,0,0,0,0,0
1143,18,0.31,0.62,0.89,0,1,0,0,0,0,0
1143,19,0.29,0.31,0.65,0,0,0,1,0,0,0
1143,20,0.25,0.67,0.81,0,0,0,1,0,0,0
1143,21,0.38,0.53,0.91,0,0,0,1,0,0,0
1143,22,0.27,0.47,0.84,0,0,0,1,0,0,0
1143,23,0.3,0.54,0.21,0,0,0,1,0,0,0
1143,24,0.32,0.39,0.66,0,0,0,1,0,0,0
1143,25,0.22,0.37,0.66,0,0,0,1,0,0,0
1143,26,0.36,0.63,0.68,0,0,0,0,0,0,1
1143,27,0.35,0.46,0.84,0,0,0,0,0,0,1
1143,28,0.25,0.64,0.87,0,0,0,0,0,0,1
1143,29,0.23,0.61,0.81,0,0,0,0,0,0,1
1143,30,0.23,0.44,0.31,0,0,1,0,0,0,0
1143,31,0.23,0.31,0.39,0,0,1,0,0,0,0
1143,32,0.29,0.5,0.38,0,0,1,0,0,0,0
1145,1,0.19,0.53,0.81,1,0,0,0,0,0,0
1145,2,0.23,0.33,0.96,1,0,0,0,0,0,0
1145,3,0.28,0.43,0.78,1,0,0,0,0,0,0
1145,4,0.33,0.26,0.73,1,0,0,0,0,0,0
1145,5,0.25,0.49,0.43,1,0,0,0,0,0,0
1145,6,0.34,0.64,0.63,1,0,0,0,0,0,0
1145,7,0.28,0.38,0.77,1,0,0,0,0,0,0
1145,8,0.28,0.34,0.43,0,0,0,0,1,0,0
1145,9,0.36,0.62,0.49,0,0,0,0,1,0,0
1145,10,0.21,0.89,0.98,0,0,0,0,0,1,0
1145,11,0.26,0.68,0.46,0,0,0,0,0,1,0
1145,12,0.24,0.9,0.4,0,0,0,0,0,1,0
1145,13,0.2,0.53,0.39,0,0,0,0,0,1,0
1145,14,0.39,0.64,0.3,0,0,0,0,0,1,0
1145,15,0.27,0.79,0.65,0,1,0,0,0,0,0
1145,16,0.17,0.69,0.41,0,1,0,0,0,0,0
1145,17,0.38,1.06,0.77,0,1,0,0,0,0,0
1145,18,0.21,0.93,0.76,0,1,0,0,0,0,0
1145,19,0.31,0.45,0.82,0,0,0,1,0,0,0
1145,20,0.17,0.77,0.49,0,0,0,1,0,0,0
1145,21,0.31,0.64,0.55,0,0,0,1,0,0,0
1145,22,0.26,0.72,0.8,0,0,0,1,0,0,0
1145,23,0.2,0.77,0.5,0,0,0,1,0,0,0
1145,24,0.23,0.48,0.81,0,0,0,1,0,0,0
1145,25,0.24,0.66,0.93,0,0,0,1,0,0,0
1145,26,0.39,0.69,0.74,0,0,0,0,0,0,1
1145,27,0.35,0.65,0.89,0,0,0,0,0,0,1
1145,28,0.28,0.64,0.95,0,0,0,0,0,0,1
1145,29,0.39,0.65,0.37,0,0,0,0,0,0,1
1145,30,0.26,0.68,0.7,0,0,1,0,0,0,0
1145,31,0.24,0.55,0.41,0,0,1,0,0,0,0
1145,32,0.34,0.45,0.44,0,0,1,0,0,0,0
1146,1,0.31,0.6,0.78,1,0,0,0,0,0,0
1146,2,0.24,0.49,0.22,1,0,0,0,0,0,0
1146,3,0.22,0.45,0.64,1,0,0,0,0,0,0
1146,4,0.27,0.36,0.81,1,0,0,0,0,0,0
1146,5,0.22,0.43,0.57,1,0,0,0,0,0,0
1146,6,0.32,0.44,0.65,1,0,0,0,0,0,0
1146,7,0.26,0.56,0.9,1,0,0,0,0,0,0
1146,8,0.3,0.51,0.26,0,0,0,0,1,0,0
1146,9,0.25,0.38,0.47,0,0,0,0,1,0,0
1146,10,0.23,0.62,0.84,0,0,0,0,0,1,0
1146,11,0.2,0.5,0.77,0,0,0,0,0,1,0
1146,12,0.39,0.77,0.48,0,0,0,0,0,1,0
1146,13,0.3,0.62,0.86,0,0,0,0,0,1,0
1146,14,0.21,0.39,0.86,0,0,0,0,0,1,0
1146,15,0.25,0.84,0.72,0,1,0,0,0,0,0
1146,16,0.28,0.47,0.68,0,1,0,0,0,0,0
1146,17,0.24,0.7,0.68,0,1,0,0,0,0,0
1146,18,0.19,0.66,0.74,0,1,0,0,0,0,0
1146,19,0.2,0.41,0.45,0,0,0,1,0,0,0
1146,20,0.36,0.65,0.81,0,0,0,1,0,0,0
1146,21,0.31,0.4,0.81,0,0,0,1,0,0,0
1146,22,0.27,0.65,0.93,0,0,0,1,0,0,0
1146,23,0.4,0.73,0.27,0,0,0,1,0,0,0
1146,24,0.26,0.55,0.71,0,0,0,1,0,0,0
1146,25,0.25,0.64,0.83,0,0,0,1,0,0,0
1146,26,0.25,0.6,0.66,0,0,0,0,0,0,1
1146,27,0.31,0.55,0.83,0,0,0,0,0,0,1
1146,28,0.18,0.48,0.91,0,0,0,0,0,0,1
1146,29,0.41,0.45,0.44,0,0,0,0,0,0,1
1146,30,0.3,0.25,0.55,0,0,1,0,0,0,0
1146,31,0.28,0.33,0.89,0,0,1,0,0,0,0
1146,32,0.29,0.26,0.85,0,0,1,0,0,0,0
1147,1,0.32,0.63,0.74,1,0,0,0,0,0,0
1147,2,0.26,0.5,0.79,1,0,0,0,0,0,0
1147,3,0.25,0.45,0.12,1,0,0,0,0,0,0
1147,4,0.26,0.6,0.7,1,0,0,0,0,0,0
1147,5,0.29,0.33,0.82,1,0,0,0,0,0,0
1147,6,0.37,0.53,0.7,1,0,0,0,0,0,0
1147,7,0.32,0.45,0.34,1,0,0,0,0,0,0
1147,8,0.27,0.37,0.35,0,0,0,0,1,0,0
1147,9,0.32,0.43,0.63,0,0,0,0,1,0,0
1147,10,0.18,0.61,0.89,0,0,0,0,0,1,0
1147,11,0.24,0.45,0.65,0,0,0,0,0,1,0
1147,12,0.28,0.46,0.42,0,0,0,0,0,1,0
1147,13,0.27,0.33,0.9,0,0,0,0,0,1,0
1147,14,0.22,0.43,0.85,0,0,0,0,0,1,0
1147,15,0.33,0.59,0.8,0,1,0,0,0,0,0
1147,16,0.25,0.43,0.75,0,1,0,0,0,0,0
1147,17,0.27,0.55,0.59,0,1,0,0,0,0,0
1147,18,0.25,0.56,0.71,0,1,0,0,0,0,0
1147,19,0.31,0.68,0.65,0,0,0,1,0,0,0
1147,20,0.22,0.48,0.82,0,0,0,1,0,0,0
1147,21,0.31,0.5,0.52,0,0,0,1,0,0,0
1147,22,0.27,0.55,0.36,0,0,0,1,0,0,0
1147,23,0.31,0.47,0.07,0,0,0,1,0,0,0
1147,24,0.24,0.57,0.92,0,0,0,1,0,0,0
1147,25,0.2,0.37,0.82,0,0,0,1,0,0,0
1147,26,0.26,0.5,0.75,0,0,0,0,0,0,1
1147,27,0.3,0.55,0.83,0,0,0,0,0,0,1
1147,28,0.35,0.56,0.93,0,0,0,0,0,0,1
1147,29,0.32,0.51,0.41,0,0,0,0,0,0,1
1147,30,0.31,0.35,0.42,0,0,1,0,0,0,0
1147,31,0.33,0.63,0.36,0,0,1,0,0,0,0
1147,32,0.25,0.93,0.73,0,0,1,0,0,0,0
1152,1,0.18,0.47,0.84,1,0,0,0,0,0,0
1152,2,0.22,0.45,0.15,1,0,0,0,0,0,0
1152,3,0.28,0.37,0.3,1,0,0,0,0,0,0
1152,4,0.28,0.32,0.54,1,0,0,0,0,0,0
1152,5,0.28,0.44,0.85,1,0,0,0,0,0,0
1152,6,0.29,0.42,0.48,1,0,0,0,0,0,0
1152,7,0.26,0.36,0.53,1,0,0,0,0,0,0
1152,8,0.19,0.37,0.37,0,0,0,0,1,0,0
1152,9,0.3,0.55,0.61,0,0,0,0,1,0,0
1152,10,0.25,0.63,0.97,0,0,0,0,0,1,0
1152,11,0.28,0.54,0.81,0,0,0,0,0,1,0
1152,12,0.3,0.65,0.23,0,0,0,0,0,1,0
1152,13,0.26,0.34,0.41,0,0,0,0,0,1,0
1152,14,0.24,0.32,0.68,0,0,0,0,0,1,0
1152,15,0.21,0.46,0.41,0,1,0,0,0,0,0
1152,16,0.29,0.48,0.44,0,1,0,0,0,0,0
1152,17,0.25,0.48,0.63,0,1,0,0,0,0,0
1152,18,0.28,0.68,0.27,0,1,0,0,0,0,0
1152,19,0.31,0.31,0.66,0,0,0,1,0,0,0
1152,20,0.28,0.49,0.85,0,0,0,1,0,0,0
1152,21,0.25,0.67,0.62,0,0,0,1,0,0,0
1152,22,0.41,0.56,0.78,0,0,0,1,0,0,0
1152,23,0.26,0.6,0.53,0,0,0,1,0,0,0
1152,24,0.3,0.64,0.71,0,0,0,1,0,0,0
1152,25,0.32,0.57,0.8,0,0,0,1,0,0,0
1152,26,0.31,0.37,0.82,0,0,0,0,0,0,1
1152,27,0.22,0.46,0.95,0,0,0,0,0,0,1
1152,28,0.31,0.36,1,0,0,0,0,0,0,1
1152,29,0.19,0.44,0.63,0,0,0,0,0,0,1
1152,30,0.33,0.53,0.53,0,0,1,0,0,0,0
1152,31,0.25,0.48,0.38,0,0,1,0,0,0,0
1152,32,0.27,0.47,0.61,0,0,1,0,0,0,0
1153,1,0.35,0.43,0.7,1,0,0,0,0,0,0
1153,2,0.3,0.35,0.45,1,0,0,0,0,0,0
1153,3,0.25,0.3,0.16,1,0,0,0,0,0,0
1153,4,0.31,0.37,0.48,1,0,0,0,0,0,0
1153,5,0.24,0.31,0.71,1,0,0,0,0,0,0
1153,6,0.32,0.25,0.66,1,0,0,0,0,0,0
1153,7,0.34,0.34,0.7,1,0,0,0,0,0,0
1153,8,0.34,0.21,0.99,0,0,0,0,1,0,0
1153,9,0.31,0.38,0.66,0,0,0,0,1,0,0
1153,10,0.13,0.43,1,0,0,0,0,0,1,0
1153,11,0.16,0.82,0.89,0,0,0,0,0,1,0
1153,12,0.34,0.49,0.82,0,0,0,0,0,1,0
1153,13,0.25,0.45,0.4,0,0,0,0,0,1,0
1153,14,0.24,0.4,0.97,0,0,0,0,0,1,0
1153,15,0.31,0.48,0.44,0,1,0,0,0,0,0
1153,16,0.25,0.51,0.51,0,1,0,0,0,0,0
1153,17,0.37,0.36,0.76,0,1,0,0,0,0,0
1153,18,0.19,0.48,0.76,0,1,0,0,0,0,0
1153,19,0.29,0.52,0.63,0,0,0,1,0,0,0
1153,20,0.27,0.66,0.57,0,0,0,1,0,0,0
1153,21,0.29,0.83,0.37,0,0,0,1,0,0,0
1153,22,0.31,0.45,0.34,0,0,0,1,0,0,0
1153,23,0.19,0.66,0.08,0,0,0,1,0,0,0
1153,24,0.28,0.45,0.95,0,0,0,1,0,0,0
1153,25,0.26,0.26,0.87,0,0,0,1,0,0,0
1153,26,0.33,0.53,0.81,0,0,0,0,0,0,1
1153,27,0.26,0.41,0.91,0,0,0,0,0,0,1
1153,28,0.38,0.43,1,0,0,0,0,0,0,1
1153,29,0.26,0.54,0.61,0,0,0,0,0,0,1
1153,30,0.36,0.52,0.84,0,0,1,0,0,0,0
1153,31,0.2,0.59,0.45,0,0,1,0,0,0,0
1153,32,0.22,0.58,0.62,0,0,1,0,0,0,0
1154,1,0.27,0.43,0.95,1,0,0,0,0,0,0
1154,2,0.32,0.5,0.45,1,0,0,0,0,0,0
1154,3,0.25,0.38,0.37,1,0,0,0,0,0,0
1154,4,0.3,0.36,0.72,1,0,0,0,0,0,0
1154,5,0.25,0.41,0.19,1,0,0,0,0,0,0
1154,6,0.2,0.38,0.7,1,0,0,0,0,0,0
1154,7,0.4,0.43,0.66,1,0,0,0,0,0,0
1154,8,0.38,0.25,0.75,0,0,0,0,1,0,0
1154,9,0.23,0.45,0.79,0,0,0,0,1,0,0
1154,10,0.26,0.44,0.95,0,0,0,0,0,1,0
1154,11,0.36,0.73,0.97,0,0,0,0,0,1,0
1154,12,0.21,0.47,0.61,0,0,0,0,0,1,0
1154,13,0.23,0.44,0.81,0,0,0,0,0,1,0
1154,14,0.32,0.34,0.75,0,0,0,0,0,1,0
1154,15,0.32,0.49,0.56,0,1,0,0,0,0,0
1154,16,0.24,0.44,0.52,0,1,0,0,0,0,0
1154,17,0.35,0.39,0.65,0,1,0,0,0,0,0
1154,18,0.3,0.44,0.62,0,1,0,0,0,0,0
1154,19,0.29,0.39,0.69,0,0,0,1,0,0,0
1154,20,0.31,0.5,0.33,0,0,0,1,0,0,0
1154,21,0.27,0.61,0.68,0,0,0,1,0,0,0
1154,22,0.24,0.48,0.55,0,0,0,1,0,0,0
1154,23,0.3,0.59,0.65,0,0,0,1,0,0,0
1154,24,0.32,0.7,0.9,0,0,0,1,0,0,0
1154,25,0.33,0.52,0.82,0,0,0,1,0,0,0
1154,26,0.26,0.34,0.79,0,0,0,0,0,0,1
1154,27,0.24,0.35,0.98,0,0,0,0,0,0,1
1154,28,0.28,0.44,0.83,0,0,0,0,0,0,1
1154,29,0.31,0.39,0.35,0,0,0,0,0,0,1
1154,30,0.31,0.45,0.85,0,0,1,0,0,0,0
1154,31,0.28,0.48,0.95,0,0,1,0,0,0,0
1154,32,0.18,0.63,0.7,0,0,1,0,0,0,0
1157,1,0.26,0.39,0.29,1,0,0,0,0,0,0
1157,2,0.29,0.32,0.11,1,0,0,0,0,0,0
1157,3,0.31,0.34,0.59,1,0,0,0,0,0,0
1157,4,0.28,0.3,0.63,1,0,0,0,0,0,0
1157,5,0.36,0.37,0.93,1,0,0,0,0,0,0
1157,6,0.48,0.36,0.65,1,0,0,0,0,0,0
1157,7,0.32,0.41,0.61,1,0,0,0,0,0,0
1157,8,0.23,0.33,0.36,0,0,0,0,1,0,0
1157,9,0.25,0.29,0.71,0,0,0,0,1,0,0
1157,10,0.23,0.53,0.98,0,0,0,0,0,1,0
1157,11,0.28,0.49,0.06,0,0,0,0,0,1,0
1157,12,0.31,0.61,0.24,0,0,0,0,0,1,0
1157,13,0.33,0.43,0.71,0,0,0,0,0,1,0
1157,14,0.28,0.44,0.69,0,0,0,0,0,1,0
1157,15,0.33,0.59,0.27,0,1,0,0,0,0,0
1157,16,0.28,0.5,0.61,0,1,0,0,0,0,0
1157,17,0.34,0.51,0.49,0,1,0,0,0,0,0
1157,18,0.18,0.43,0.06,0,1,0,0,0,0,0
1157,19,0.23,0.28,0.75,0,0,0,1,0,0,0
1157,20,0.4,0.66,0.65,0,0,0,1,0,0,0
1157,21,0.34,0.71,0.19,0,0,0,1,0,0,0
1157,22,0.26,0.5,0.61,0,0,0,1,0,0,0
1157,23,0.39,0.5,0.31,0,0,0,1,0,0,0
1157,24,0.21,0.42,0.82,0,0,0,1,0,0,0
1157,25,0.21,0.33,0.69,0,0,0,1,0,0,0
1157,26,0.28,0.53,0.79,0,0,0,0,0,0,1
1157,27,0.25,0.54,0.79,0,0,0,0,0,0,1
1157,28,0.34,0.57,0.88,0,0,0,0,0,0,1
1157,29,0.27,0.44,0.06,0,0,0,0,0,0,1
1157,30,0.36,0.34,0.62,0,0,1,0,0,0,0
1157,31,0.25,0.3,0.44,0,0,1,0,0,0,0
1157,32,0.27,0.47,0.56,0,0,1,0,0,0,0
1166,1,0.24,0.33,0.5,1,0,0,0,0,0,0
1166,2,0.23,0.26,0.43,1,0,0,0,0,0,0
1166,3,0.35,0.32,0.73,1,0,0,0,0,0,0
1166,4,0.21,0.22,0.25,1,0,0,0,0,0,0
1166,5,0.37,0.42,0.48,1,0,0,0,0,0,0
1166,6,0.22,0.21,0.52,1,0,0,0,0,0,0
1166,7,0.28,0.4,0.74,1,0,0,0,0,0,0
1166,8,0.25,0.29,0.38,0,0,0,0,1,0,0
1166,9,0.24,0.45,0.46,0,0,0,0,1,0,0
1166,10,0.43,0.46,0.99,0,0,0,0,0,1,0
1166,11,0.37,0.46,0.5,0,0,0,0,0,1,0
1166,12,0.16,0.61,0.19,0,0,0,0,0,1,0
1166,13,0.22,0.37,0.67,0,0,0,0,0,1,0
1166,14,0.34,0.37,0.5,0,0,0,0,0,1,0
1166,15,0.39,0.58,0.49,0,1,0,0,0,0,0
1166,16,0.18,0.49,0.46,0,1,0,0,0,0,0
1166,17,0.26,0.73,0.41,0,1,0,0,0,0,0
1166,18,0.32,0.89,0.59,0,1,0,0,0,0,0
1166,19,0.26,0.55,0.76,0,0,0,1,0,0,0
1166,20,0.31,0.41,0.78,0,0,0,1,0,0,0
1166,21,0.38,0.27,0.29,0,0,0,1,0,0,0
1166,22,0.35,0.3,0.31,0,0,0,1,0,0,0
1166,23,0.35,0.55,0.17,0,0,0,1,0,0,0
1166,24,0.27,0.44,0.89,0,0,0,1,0,0,0
1166,25,0.23,0.43,0.78,0,0,0,1,0,0,0
1166,26,0.4,0.46,0.87,0,0,0,0,0,0,1
1166,27,0.32,0.52,0.87,0,0,0,0,0,0,1
1166,28,0.28,0.33,0.89,0,0,0,0,0,0,1
1166,29,0.27,0.32,0.46,0,0,0,0,0,0,1
1166,30,0.23,0.34,0.75,0,0,1,0,0,0,0
1166,31,0.33,0.4,0.43,0,0,1,0,0,0,0
1166,32,0.36,0.33,0.29,0,0,1,0,0,0,0
1167,1,0.29,0.66,0.97,1,0,0,0,0,0,0
1167,2,0.48,0.57,0.71,1,0,0,0,0,0,0
1167,3,0.39,0.54,0.34,1,0,0,0,0,0,0
1167,4,0.22,0.45,0.8,1,0,0,0,0,0,0
1167,5,0.29,0.57,0.33,1,0,0,0,0,0,0
1167,6,0.26,0.63,0.6,1,0,0,0,0,0,0
1167,7,0.32,0.6,0.44,1,0,0,0,0,0,0
1167,8,0.17,0.7,0.31,0,0,0,0,1,0,0
1167,9,0.23,0.6,0.22,0,0,0,0,1,0,0
1167,10,0.31,0.55,0.99,0,0,0,0,0,1,0
1167,11,0.23,0.75,0.71,0,0,0,0,0,1,0
1167,12,0.3,0.78,0.85,0,0,0,0,0,1,0
1167,13,0.21,0.49,0.26,0,0,0,0,0,1,0
1167,14,0.24,0.37,0.22,0,0,0,0,0,1,0
1167,15,0.34,0.64,0.65,0,1,0,0,0,0,0
1167,16,0.22,0.66,0.46,0,1,0,0,0,0,0
1167,17,0.26,0.47,0.54,0,1,0,0,0,0,0
1167,18,0.26,0.4,0.7,0,1,0,0,0,0,0
1167,19,0.42,0.65,0.56,0,0,0,1,0,0,0
1167,20,0.25,0.59,0.32,0,0,0,1,0,0,0
1167,21,0.37,0.74,0.39,0,0,0,1,0,0,0
1167,22,0.17,0.46,0.93,0,0,0,1,0,0,0
1167,23,0.19,0.54,0.77,0,0,0,1,0,0,0
1167,24,0.25,0.51,0.98,0,0,0,1,0,0,0
1167,25,0.12,0.49,0.88,0,0,0,1,0,0,0
1167,26,0.26,0.37,0.94,0,0,0,0,0,0,1
1167,27,0.43,0.46,0.69,0,0,0,0,0,0,1
1167,28,0.26,0.33,0.91,0,0,0,0,0,0,1
1167,29,0.24,0.55,0.5,0,0,0,0,0,0,1
1167,30,0.35,0.57,0.87,0,0,1,0,0,0,0
1167,31,0.28,0.56,0.34,0,0,1,0,0,0,0
1167,32,0.24,0.61,0.69,0,0,1,0,0,0,0
1173,1,0.26,0.46,0.66,1,0,0,0,0,0,0
1173,2,0.19,0.38,0.27,1,0,0,0,0,0,0
1173,3,0.22,0.42,0.38,1,0,0,0,0,0,0
1173,4,0.27,0.29,0.96,1,0,0,0,0,0,0
1173,5,0.3,0.41,0.19,1,0,0,0,0,0,0
1173,6,0.25,0.45,0.66,1,0,0,0,0,0,0
1173,7,0.21,0.51,0.34,1,0,0,0,0,0,0
1173,8,0.27,0.39,0.4,0,0,0,0,1,0,0
1173,9,0.38,0.59,0.51,0,0,0,0,1,0,0
1173,10,0.17,0.68,1,0,0,0,0,0,1,0
1173,11,0.34,0.48,0.42,0,0,0,0,0,1,0
1173,12,0.31,0.57,0.22,0,0,0,0,0,1,0
1173,13,0.3,0.53,0.35,0,0,0,0,0,1,0
1173,14,0.27,0.39,0.8,0,0,0,0,0,1,0
1173,15,0.22,0.78,0.59,0,1,0,0,0,0,0
1173,16,0.27,0.7,0.71,0,1,0,0,0,0,0
1173,17,0.28,0.69,0.6,0,1,0,0,0,0,0
1173,18,0.23,0.56,0.46,0,1,0,0,0,0,0
1173,19,0.24,0.46,0.34,0,0,0,1,0,0,0
1173,20,0.29,0.54,0.6,0,0,0,1,0,0,0
1173,21,0.37,0.6,0.29,0,0,0,1,0,0,0
1173,22,0.24,0.38,0.24,0,0,0,1,0,0,0
1173,23,0.23,0.64,0.7,0,0,0,1,0,0,0
1173,24,0.24,0.61,0.83,0,0,0,1,0,0,0
1173,25,0.26,0.51,0.76,0,0,0,1,0,0,0
1173,26,0.19,0.55,0.77,0,0,0,0,0,0,1
1173,27,0.41,0.44,0.67,0,0,0,0,0,0,1
1173,28,0.36,0.41,0.96,0,0,0,0,0,0,1
1173,29,0.2,0.64,0.61,0,0,0,0,0,0,1
1173,30,0.23,0.47,0.53,0,0,1,0,0,0,0
1173,31,0.18,0.36,0.29,0,0,1,0,0,0,0
1173,32,0.29,0.73,0.88,0,0,1,0,0,0,0
1176,1,0.35,0.33,0.56,1,0,0,0,0,0,0
1176,2,0.34,0.46,0.24,1,0,0,0,0,0,0
1176,3,0.26,0.47,0.81,1,0,0,0,0,0,0
1176,4,0.33,0.27,0.48,1,0,0,0,0,0,0
1176,5,0.3,0.46,0.71,1,0,0,0,0,0,0
1176,6,0.25,0.33,0.39,1,0,0,0,0,0,0
1176,7,0.24,0.25,0.36,1,0,0,0,0,0,0
1176,8,0.21,0.42,0.21,0,0,0,0,1,0,0
1176,9,0.27,0.42,0.5,0,0,0,0,1,0,0
1176,10,0.3,0.47,1,0,0,0,0,0,1,0
1176,11,0.39,0.73,0.66,0,0,0,0,0,1,0
1176,12,0.19,0.47,0.37,0,0,0,0,0,1,0
1176,13,0.31,0.41,0.59,0,0,0,0,0,1,0
1176,14,0.22,0.33,0.47,0,0,0,0,0,1,0
1176,15,0.27,0.63,0.52,0,1,0,0,0,0,0
1176,16,0.3,0.56,0.65,0,1,0,0,0,0,0
1176,17,0.2,0.65,0.7,0,1,0,0,0,0,0
1176,18,0.38,0.67,0.77,0,1,0,0,0,0,0
1176,19,0.3,0.43,0.76,0,0,0,1,0,0,0
1176,20,0.34,0.63,0.75,0,0,0,1,0,0,0
1176,21,0.24,0.42,0.85,0,0,0,1,0,0,0
1176,22,0.29,0.42,0.7,0,0,0,1,0,0,0
1176,23,0.32,0.47,0.92,0,0,0,1,0,0,0
1176,24,0.32,0.28,0.88,0,0,0,1,0,0,0
1176,25,0.27,0.36,0.85,0,0,0,1,0,0,0
1176,26,0.19,0.5,0.88,0,0,0,0,0,0,1
1176,27,0.19,0.55,0.88,0,0,0,0,0,0,1
1176,28,0.23,0.36,0.88,0,0,0,0,0,0,1
1176,29,0.25,0.5,0.21,0,0,0,0,0,0,1
1176,30,0.2,0.43,0.48,0,0,1,0,0,0,0
1176,31,0.18,0.3,0.5,0,0,1,0,0,0,0
1176,32,0.19,0.52,0.75,0,0,1,0,0,0,0
1185,1,0.22,0.56,0.19,1,0,0,0,0,0,0
1185,2,0.21,0.33,0.81,1,0,0,0,0,0,0
1185,3,0.22,0.35,0.4,1,0,0,0,0,0,0
1185,4,0.28,0.4,0.33,1,0,0,0,0,0,0
1185,5,0.27,0.52,0.9,1,0,0,0,0,0,0
1185,6,0.37,0.54,0.24,1,0,0,0,0,0,0
1185,7,0.23,0.42,0.7,1,0,0,0,0,0,0
1185,8,0.35,0.46,0.38,0,0,0,0,1,0,0
1185,9,0.3,0.65,0.59,0,0,0,0,1,0,0
1185,10,0.28,0.61,0.98,0,0,0,0,0,1,0
1185,11,0.33,0.62,0.86,0,0,0,0,0,1,0
1185,12,0.21,0.34,0.56,0,0,0,0,0,1,0
1185,13,0.31,0.92,0.2,0,0,0,0,0,1,0
1185,14,0.34,0.51,0.66,0,0,0,0,0,1,0
1185,15,0.24,0.63,0.46,0,1,0,0,0,0,0
1185,16,0.19,0.67,0.56,0,1,0,0,0,0,0
1185,17,0.41,0.6,0.31,0,1,0,0,0,0,0
1185,18,0.31,0.65,0.85,0,1,0,0,0,0,0
1185,19,0.24,0.42,0.66,0,0,0,1,0,0,0
1185,20,0.24,0.62,0.32,0,0,0,1,0,0,0
1185,21,0.28,0.56,0.53,0,0,0,1,0,0,0
1185,22,0.3,0.71,0.7,0,0,0,1,0,0,0
1185,23,0.25,0.72,0.72,0,0,0,1,0,0,0
1185,24,0.25,0.57,0.7,0,0,0,1,0,0,0
1185,25,0.26,0.62,0.83,0,0,0,1,0,0,0
1185,26,0.22,0.87,0.71,0,0,0,0,0,0,1
1185,27,0.27,0.58,0.94,0,0,0,0,0,0,1
1185,28,0.32,0.88,0.89,0,0,0,0,0,0,1
1185,29,0.25,0.47,0.1,0,0,0,0,0,0,1
1185,30,0.41,0.68,0.73,0,0,1,0,0,0,0
1185,31,0.26,0.61,0.68,0,0,1,0,0,0,0
1185,32,0.28,0.76,0.75,0,0,1,0,0,0,0
1195,1,0.27,0.46,0.94,1,0,0,0,0,0,0
1195,2,0.26,0.53,0.26,1,0,0,0,0,0,0
1195,3,0.25,0.42,0.08,1,0,0,0,0,0,0
1195,4,0.33,0.5,0.35,1,0,0,0,0,0,0
1195,5,0.19,0.52,0.63,1,0,0,0,0,0,0
1195,6,0.31,0.39,0.65,1,0,0,0,0,0,0
1195,7,0.26,0.41,0.82,1,0,0,0,0,0,0
1195,8,0.22,0.46,0.05,0,0,0,0,1,0,0
1195,9,0.28,0.37,0.65,0,0,0,0,1,0,0
1195,10,0.32,0.67,1,0,0,0,0,0,1,0
1195,11,0.3,0.63,1,0,0,0,0,0,1,0
1195,12,0.3,0.57,0.28,0,0,0,0,0,1,0
1195,13,0.18,0.42,0.15,0,0,0,0,0,1,0
1195,14,0.27,0.45,0.68,0,0,0,0,0,1,0
1195,15,0.27,0.7,0.47,0,1,0,0,0,0,0
1195,16,0.25,0.39,0.53,0,1,0,0,0,0,0
1195,17,0.3,0.79,0.32,0,1,0,0,0,0,0
1195,18,0.33,0.7,0.82,0,1,0,0,0,0,0
1195,19,0.33,0.59,0.85,0,0,0,1,0,0,0
1195,20,0.36,0.56,0.4,0,0,0,1,0,0,0
1195,21,0.18,0.5,0.36,0,0,0,1,0,0,0
1195,22,0.38,0.74,0.51,0,0,0,1,0,0,0
1195,23,0.31,0.61,0.91,0,0,0,1,0,0,0
1195,24,0.28,0.56,0.91,0,0,0,1,0,0,0
1195,25,0.18,0.56,0.92,0,0,0,1,0,0,0
1195,26,0.32,0.5,0.79,0,0,0,0,0,0,1
1195,27,0.32,0.46,1,0,0,0,0,0,0,1
1195,28,0.34,0.61,0.99,0,0,0,0,0,0,1
1195,29,0.29,0.49,0.54,0,0,0,0,0,0,1
1195,30,0.34,0.29,0.15,0,0,1,0,0,0,0
1195,31,0.25,0.34,0.51,0,0,1,0,0,0,0
1195,32,0.29,0.45,0.78,0,0,1,0,0,0,0
1207,1,0.31,0.4,0.91,1,0,0,0,0,0,0
1207,2,0.28,0.49,0.34,1,0,0,0,0,0,0
1207,3,0.23,0.34,0.67,1,0,0,0,0,0,0
1207,4,0.42,0.29,0.51,1,0,0,0,0,0,0
1207,5,0.23,0.39,0.38,1,0,0,0,0,0,0
1207,6,0.18,0.28,0.63,1,0,0,0,0,0,0
1207,7,0.36,0.43,0.58,1,0,0,0,0,0,0
1207,8,0.33,0.31,0.22,0,0,0,0,1,0,0
1207,9,0.2,0.52,0.79,0,0,0,0,1,0,0
1207,10,0.2,0.42,0.96,0,0,0,0,0,1,0
1207,11,0.3,0.53,0.19,0,0,0,0,0,1,0
1207,12,0.28,0.44,0.31,0,0,0,0,0,1,0
1207,13,0.19,0.43,0.26,0,0,0,0,0,1,0
1207,14,0.29,0.41,0.35,0,0,0,0,0,1,0
1207,15,0.2,0.45,0.45,0,1,0,0,0,0,0
1207,16,0.35,0.56,0.66,0,1,0,0,0,0,0
1207,17,0.25,0.37,0.3,0,1,0,0,0,0,0
1207,18,0.32,0.58,0.6,0,1,0,0,0,0,0
1207,19,0.23,0.56,0.42,0,0,0,1,0,0,0
1207,20,0.24,0.41,0.47,0,0,0,1,0,0,0
1207,21,0.27,0.47,0.51,0,0,0,1,0,0,0
1207,22,0.33,0.66,0.63,0,0,0,1,0,0,0
1207,23,0.33,0.91,0.17,0,0,0,1,0,0,0
1207,24,0.3,0.45,0.78,0,0,0,1,0,0,0
1207,25,0.21,0.26,0.58,0,0,0,1,0,0,0
1207,26,0.35,0.58,0.64,0,0,0,0,0,0,1
1207,27,0.24,0.38,0.66,0,0,0,0,0,0,1
1207,28,0.23,0.42,0.81,0,0,0,0,0,0,1
1207,29,0.34,0.44,0.8,0,0,0,0,0,0,1
1207,30,0.19,0.37,0.48,0,0,1,0,0,0,0
1207,31,0.23,0.39,0.42,0,0,1,0,0,0,0
1207,32,0.34,0.44,0.9,0,0,1,0,0,0,0
1208,1,0.21,0.55,0.88,1,0,0,0,0,0,0
1208,2,0.21,0.52,0.32,1,0,0,0,0,0,0
1208,3,0.26,0.45,0.72,1,0,0,0,0,0,0
1208,4,0.37,0.52,0.44,1,0,0,0,0,0,0
1208,5,0.27,0.65,0.56,1,0,0,0,0,0,0
1208,6,0.28,0.45,0.46,1,0,0,0,0,0,0
1208,7,0.28,0.54,0.33,1,0,0,0,0,0,0
1208,8,0.21,0.64,0.98,0,0,0,0,1,0,0
1208,9,0.26,0.58,0.54,0,0,0,0,1,0,0
1208,10,0.34,0.71,0.92,0,0,0,0,0,1,0
1208,11,0.23,0.8,0.81,0,0,0,0,0,1,0
1208,12,0.31,0.71,0.36,0,0,0,0,0,1,0
1208,13,0.23,0.57,0.2,0,0,0,0,0,1,0
1208,14,0.24,0.61,0.5,0,0,0,0,0,1,0
1208,15,0.22,0.54,0.58,0,1,0,0,0,0,0
1208,16,0.29,0.62,0.16,0,1,0,0,0,0,0
1208,17,0.26,0.4,0.49,0,1,0,0,0,0,0
1208,18,0.38,0.62,0.31,0,1,0,0,0,0,0
1208,19,0.2,0.52,0.83,0,0,0,1,0,0,0
1208,20,0.26,0.9,0.75,0,0,0,1,0,0,0
1208,21,0.34,0.73,0.1,0,0,0,1,0,0,0
1208,22,0.25,0.75,0.42,0,0,0,1,0,0,0
1208,23,0.3,0.57,0.05,0,0,0,1,0,0,0
1208,24,0.25,0.59,0.83,0,0,0,1,0,0,0
1208,25,0.11,0.91,0.91,0,0,0,1,0,0,0
1208,26,0.25,0.6,0.95,0,0,0,0,0,0,1
1208,27,0.26,0.62,0.81,0,0,0,0,0,0,1
1208,28,0.26,0.58,0.85,0,0,0,0,0,0,1
1208,29,0.22,0.56,0.76,0,0,0,0,0,0,1
1208,30,0.22,0.45,0.27,0,0,1,0,0,0,0
1208,31,0.26,0.35,0.5,0,0,1,0,0,0,0
1208,32,0.29,0.47,0.72,0,0,1,0,0,0,0
1218,1,0.28,0.48,0.34,1,0,0,0,0,0,0
1218,2,0.19,0.55,0.73,1,0,0,0,0,0,0
1218,3,0.3,0.48,0.19,1,0,0,0,0,0,0
1218,4,0.29,0.32,0.62,1,0,0,0,0,0,0
1218,5,0.24,0.49,0.41,1,0,0,0,0,0,0
1218,6,0.28,0.41,0.49,1,0,0,0,0,0,0
1218,7,0.28,0.37,0.26,1,0,0,0,0,0,0
1218,8,0.32,0.34,0.33,0,0,0,0,1,0,0
1218,9,0.28,0.45,0.71,0,0,0,0,1,0,0
1218,10,0.21,0.36,1,0,0,0,0,0,1,0
1218,11,0.25,0.8,0.8,0,0,0,0,0,1,0
1218,12,0.33,0.53,0.35,0,0,0,0,0,1,0
1218,13,0.34,0.49,0.69,0,0,0,0,0,1,0
1218,14,0.29,0.47,0.61,0,0,0,0,0,1,0
1218,15,0.35,0.57,0.81,0,1,0,0,0,0,0
1218,16,0.31,0.54,0.36,0,1,0,0,0,0,0
1218,17,0.23,0.57,0.73,0,1,0,0,0,0,0
1218,18,0.33,0.6,0.63,0,1,0,0,0,0,0
1218,19,0.33,0.53,0.47,0,0,0,1,0,0,0
1218,20,0.29,0.58,0.73,0,0,0,1,0,0,0
1218,21,0.37,0.61,0.64,0,0,0,1,0,0,0
1218,22,0.27,0.6,0.44,0,0,0,1,0,0,0
1218,23,0.32,0.81,0.71,0,0,0,1,0,0,0
1218,24,0.34,0.77,0.92,0,0,0,1,0,0,0
1218,25,0.22,0.51,0.88,0,0,0,1,0,0,0
1218,26,0.39,0.64,0.77,0,0,0,0,0,0,1
1218,27,0.34,0.43,0.9,0,0,0,0,0,0,1
1218,28,0.34,0.54,0.75,0,0,0,0,0,0,1
1218,29,0.27,0.55,0.28,0,0,0,0,0,0,1
1218,30,0.3,0.4,0.55,0,0,1,0,0,0,0
1218,31,0.31,0.45,0.49,0,0,1,0,0,0,0
1218,32,0.32,0.35,0.52,0,0,1,0,0,0,0
1226,1,0.16,0.37,0.12,1,0,0,0,0,0,0
1226,2,0.19,0.35,0.4,1,0,0,0,0,0,0
1226,3,0.25,0.43,0.71,1,0,0,0,0,0,0
1226,4,0.28,0.24,0.92,1,0,0,0,0,0,0
1226,5,0.26,0.45,0.75,1,0,0,0,0,0,0
1226,6,0.28,0.24,0.5,1,0,0,0,0,0,0
1226,7,0.33,0.33,0.43,1,0,0,0,0,0,0
1226,8,0.19,0.35,0.16,0,0,0,0,1,0,0
1226,9,0.24,0.61,0.72,0,0,0,0,1,0,0
1226,10,0.19,0.61,0.98,0,0,0,0,0,1,0
1226,11,0.23,0.51,0.7,0,0,0,0,0,1,0
1226,12,0.19,0.62,0.43,0,0,0,0,0,1,0
1226,13,0.36,0.38,0.16,0,0,0,0,0,1,0
1226,14,0.27,0.34,0.01,0,0,0,0,0,1,0
1226,15,0.38,0.43,0.62,0,1,0,0,0,0,0
1226,16,0.31,0.43,0.59,0,1,0,0,0,0,0
1226,17,0.28,0.55,0.34,0,1,0,0,0,0,0
1226,18,0.3,0.5,0.66,0,1,0,0,0,0,0
1226,19,0.36,0.3,0.68,0,0,0,1,0,0,0
1226,20,0.27,0.54,0.44,0,0,0,1,0,0,0
1226,21,0.3,0.54,0.76,0,0,0,1,0,0,0
1226,22,0.24,0.42,0.84,0,0,0,1,0,0,0
1226,23,0.24,0.39,0.47,0,0,0,1,0,0,0
1226,24,0.3,0.62,0.82,0,0,0,1,0,0,0
1226,25,0.17,0.37,0.8,0,0,0,1,0,0,0
1226,26,0.33,0.31,0.82,0,0,0,0,0,0,1
1226,27,0.28,0.26,0.95,0,0,0,0,0,0,1
1226,28,0.2,0.47,0.84,0,0,0,0,0,0,1
1226,29,0.16,0.4,0.8,0,0,0,0,0,0,1
1226,30,0.24,0.49,0.17,0,0,1,0,0,0,0
1226,31,0.3,0.4,0.03,0,0,1,0,0,0,0
1226,32,0.25,0.36,0.85,0,0,1,0,0,0,0
1227,1,0.39,0.25,0.87,1,0,0,0,0,0,0
1227,2,0.32,0.28,0.25,1,0,0,0,0,0,0
1227,3,0.24,0.07,0.2,1,0,0,0,0,0,0
1227,4,0.35,0.18,0.74,1,0,0,0,0,0,0
1227,5,0.31,0.13,0.9,1,0,0,0,0,0,0
1227,6,0.34,0.32,0.8,1,0,0,0,0,0,0
1227,7,0.31,0.15,0.8,1,0,0,0,0,0,0
1227,8,0.24,0.27,0.6,0,0,0,0,1,0,0
1227,9,0.23,0.21,0.56,0,0,0,0,1,0,0
1227,10,0.38,0.17,0.86,0,0,0,0,0,1,0
1227,11,0.29,0.29,0.19,0,0,0,0,0,1,0
1227,12,0.3,0.25,0.59,0,0,0,0,0,1,0
1227,13,0.3,0.25,0.66,0,0,0,0,0,1,0
1227,14,0.25,0.28,0.48,0,0,0,0,0,1,0
1227,15,0.33,0.29,0.7,0,1,0,0,0,0,0
1227,16,0.24,0.31,0.62,0,1,0,0,0,0,0
1227,17,0.29,0.18,0.78,0,1,0,0,0,0,0
1227,18,0.22,0.18,0.69,0,1,0,0,0,0,0
1227,19,0.18,0.38,0.76,0,0,0,1,0,0,0
1227,20,0.32,0.16,0.55,0,0,0,1,0,0,0
1227,21,0.25,0.33,0.88,0,0,0,1,0,0,0
1227,22,0.28,0.22,0.65,0,0,0,1,0,0,0
1227,23,0.38,0.59,0.45,0,0,0,1,0,0,0
1227,24,0.24,0.21,0.83,0,0,0,1,0,0,0
1227,25,0.21,0.2,0.86,0,0,0,1,0,0,0
1227,26,0.35,0.16,0.84,0,0,0,0,0,0,1
1227,27,0.3,0.22,0.94,0,0,0,0,0,0,1
1227,28,0.34,0.17,0.97,0,0,0,0,0,0,1
1227,29,0.27,0.34,0.89,0,0,0,0,0,0,1
1227,30,0.22,0.19,0.65,0,0,1,0,0,0,0
1227,31,0.29,0.4,0.25,0,0,1,0,0,0,0
1227,32,0.36,0.17,0.52,0,0,1,0,0,0,0
1228,1,0.3,0.42,0.7,1,0,0,0,0,0,0
1228,2,0.31,0.43,0.89,1,0,0,0,0,0,0
1228,3,0.25,0.42,0.54,1,0,0,0,0,0,0
1228,4,0.25,0.39,0.93,1,0,0,0,0,0,0
1228,5,0.41,0.42,0.59,1,0,0,0,0,0,0
1228,6,0.21,0.46,0.68,1,0,0,0,0,0,0
1228,7,0.32,0.56,0.26,1,0,0,0,0,0,0
1228,8,0.32,0.45,0.18,0,0,0,0,1,0,0
1228,9,0.26,0.43,0.7,0,0,0,0,1,0,0
1228,10,0.25,0.58,1,0,0,0,0,0,1,0
1228,11,0.23,0.63,0.92,0,0,0,0,0,1,0
1228,12,0.27,0.51,0.66,0,0,0,0,0,1,0
1228,13,0.36,0.39,0.41,0,0,0,0,0,1,0
1228,14,0.38,0.58,0.6,0,0,0,0,0,1,0
1228,15,0.3,0.64,0.46,0,1,0,0,0,0,0
1228,16,0.24,0.52,0.46,0,1,0,0,0,0,0
1228,17,0.33,0.59,0.7,0,1,0,0,0,0,0
1228,18,0.36,0.58,0.32,0,1,0,0,0,0,0
1228,19,0.35,0.37,0.74,0,0,0,1,0,0,0
1228,20,0.21,0.74,0.69,0,0,0,1,0,0,0
1228,21,0.24,0.56,0.1,0,0,0,1,0,0,0
1228,22,0.28,0.61,0.56,0,0,0,1,0,0,0
1228,23,0.35,0.45,0.69,0,0,0,1,0,0,0
1228,24,0.23,0.4,0.82,0,0,0,1,0,0,0
1228,25,0.25,0.44,0.9,0,0,0,1,0,0,0
1228,26,0.26,0.53,0.92,0,0,0,0,0,0,1
1228,27,0.26,0.56,0.9,0,0,0,0,0,0,1
1228,28,0.37,0.43,0.92,0,0,0,0,0,0,1
1228,29,0.25,0.6,0.53,0,0,0,0,0,0,1
1228,30,0.26,0.41,0.71,0,0,1,0,0,0,0
1228,31,0.27,0.36,0.36,0,0,1,0,0,0,0
1228,32,0.25,0.45,0.85,0,0,1,0,0,0,0
1233,1,0.32,0.91,0.87,1,0,0,0,0,0,0
1233,2,0.18,0.39,0.23,1,0,0,0,0,0,0
1233,3,0.31,0.49,0.18,1,0,0,0,0,0,0
1233,4,0.2,0.37,0.4,1,0,0,0,0,0,0
1233,5,0.4,0.78,0.9,1,0,0,0,0,0,0
1233,6,0.31,0.8,0.76,1,0,0,0,0,0,0
1233,7,0.32,0.59,0.71,1,0,0,0,0,0,0
1233,8,0.28,0.59,0.96,0,0,0,0,1,0,0
1233,9,0.21,0.56,0.79,0,0,0,0,1,0,0
1233,10,0.46,1.01,0.84,0,0,0,0,0,1,0
1233,11,0.38,0.54,0.26,0,0,0,0,0,1,0
1233,12,0.33,0.68,0.25,0,0,0,0,0,1,0
1233,13,0.23,0.53,0.39,0,0,0,0,0,1,0
1233,14,0.28,0.64,0.3,0,0,0,0,0,1,0
1233,15,0.35,0.74,0.67,0,1,0,0,0,0,0
1233,16,0.25,0.94,0.5,0,1,0,0,0,0,0
1233,17,0.29,0.85,0.45,0,1,0,0,0,0,0
1233,18,0.29,0.71,0.66,0,1,0,0,0,0,0
1233,19,0.37,0.29,0.7,0,0,0,1,0,0,0
1233,20,0.26,0.69,0.74,0,0,0,1,0,0,0
1233,21,0.19,0.68,0.32,0,0,0,1,0,0,0
1233,22,0.27,0.73,0.25,0,0,0,1,0,0,0
1233,23,0.28,0.73,0.07,0,0,0,1,0,0,0
1233,24,0.22,0.5,0.88,0,0,0,1,0,0,0
1233,25,0.42,0.84,0.68,0,0,0,1,0,0,0
1233,26,0.17,0.78,0.78,0,0,0,0,0,0,1
1233,27,0.2,0.53,0.69,0,0,0,0,0,0,1
1233,28,0.3,0.77,0.87,0,0,0,0,0,0,1
1233,29,0.18,0.86,0.65,0,0,0,0,0,0,1
1233,30,0.32,0.54,0.57,0,0,1,0,0,0,0
1233,31,0.22,0.49,0.39,0,0,1,0,0,0,0
1233,32,0.29,0.56,0.5,0,0,1,0,0,0,0
1237,1,0.33,0.46,0.6,1,0,0,0,0,0,0
1237,2,0.23,0.49,0.19,1,0,0,0,0,0,0
1237,3,0.26,0.35,0.58,1,0,0,0,0,0,0
1237,4,0.36,0.36,0.45,1,0,0,0,0,0,0
1237,5,0.29,0.5,0.28,1,0,0,0,0,0,0
1237,6,0.34,0.54,0.54,1,0,0,0,0,0,0
1237,7,0.35,0.32,0.55,1,0,0,0,0,0,0
1237,8,0.37,0.56,0.58,0,0,0,0,1,0,0
1237,9,0.23,0.39,0.63,0,0,0,0,1,0,0
1237,10,0.28,0.76,1,0,0,0,0,0,1,0
1237,11,0.27,0.6,0.85,0,0,0,0,0,1,0
1237,12,0.33,0.61,0.39,0,0,0,0,0,1,0
1237,13,0.17,0.36,0.3,0,0,0,0,0,1,0
1237,14,0.29,0.35,0.6,0,0,0,0,0,1,0
1237,15,0.3,0.33,0.43,0,1,0,0,0,0,0
1237,16,0.35,0.36,0.64,0,1,0,0,0,0,0
1237,17,0.23,0.54,0.48,0,1,0,0,0,0,0
1237,18,0.22,0.57,0.12,0,1,0,0,0,0,0
1237,19,0.33,0.36,0.6,0,0,0,1,0,0,0
1237,20,0.3,0.34,0.83,0,0,0,1,0,0,0
1237,21,0.33,0.42,0.29,0,0,0,1,0,0,0
1237,22,0.27,0.61,0.61,0,0,0,1,0,0,0
1237,23,0.31,0.72,0.15,0,0,0,1,0,0,0
1237,24,0.36,0.44,0.98,0,0,0,1,0,0,0
1237,25,0.26,0.41,0.9,0,0,0,1,0,0,0
1237,26,0.32,0.51,0.88,0,0,0,0,0,0,1
1237,27,0.34,0.5,0.93,0,0,0,0,0,0,1
1237,28,0.29,0.62,0.89,0,0,0,0,0,0,1
1237,29,0.28,0.5,0.79,0,0,0,0,0,0,1
1237,30,0.28,0.27,0.13,0,0,1,0,0,0,0
1237,31,0.19,0.26,0.27,0,0,1,0,0,0,0
1237,32,0.24,0.36,0.57,0,0,1,0,0,0,0
1239,1,0.26,0.39,0.71,1,0,0,0,0,0,0
1239,2,0.27,0.5,0.03,1,0,0,0,0,0,0
1239,3,0.21,0.37,0.2,1,0,0,0,0,0,0
1239,4,0.24,0.44,0.61,1,0,0,0,0,0,0
1239,5,0.32,0.63,0.91,1,0,0,0,0,0,0
1239,6,0.35,0.38,0.44,1,0,0,0,0,0,0
1239,7,0.23,0.48,0.89,1,0,0,0,0,0,0
1239,8,0.29,0.43,0.69,0,0,0,0,1,0,0
1239,9,0.33,0.4,0.55,0,0,0,0,1,0,0
1239,10,0.2,0.67,0.94,0,0,0,0,0,1,0
1239,11,0.34,0.88,0.73,0,0,0,0,0,1,0
1239,12,0.31,1.03,0.62,0,0,0,0,0,1,0
1239,13,0.3,0.69,0.29,0,0,0,0,0,1,0
1239,14,0.34,0.66,0.84,0,0,0,0,0,1,0
1239,15,0.3,0.6,0.28,0,1,0,0,0,0,0
1239,16,0.36,0.72,0.53,0,1,0,0,0,0,0
1239,17,0.32,0.62,0.6,0,1,0,0,0,0,0
1239,18,0.37,0.45,0.57,0,1,0,0,0,0,0
1239,19,0.29,0.57,0.38,0,0,0,1,0,0,0
1239,20,0.3,0.42,0.73,0,0,0,1,0,0,0
1239,21,0.24,0.55,0.75,0,0,0,1,0,0,0
1239,22,0.32,0.56,0.48,0,0,0,1,0,0,0
1239,23,0.32,0.79,0.4,0,0,0,1,0,0,0
1239,24,0.34,0.52,0.77,0,0,0,1,0,0,0
1239,25,0.18,0.48,0.74,0,0,0,1,0,0,0
1239,26,0.35,0.48,0.82,0,0,0,0,0,0,1
1239,27,0.29,0.61,0.91,0,0,0,0,0,0,1
1239,28,0.35,0.48,1,0,0,0,0,0,0,1
1239,29,0.27,0.52,0.16,0,0,0,0,0,0,1
1239,30,0.23,0.44,0.67,0,0,1,0,0,0,0
1239,31,0.36,0.33,0.8,0,0,1,0,0,0,0
1239,32,0.25,0.47,0.61,0,0,1,0,0,0,0
1240,1,0.34,0.39,0.98,1,0,0,0,0,0,0
1240,2,0.31,0.51,0.71,1,0,0,0,0,0,0
1240,3,0.14,0.48,0.72,1,0,0,0,0,0,0
1240,4,0.33,0.29,0.66,1,0,0,0,0,0,0
1240,5,0.2,0.54,0.1,1,0,0,0,0,0,0
1240,6,0.31,0.57,0.73,1,0,0,0,0,0,0
1240,7,0.34,0.39,0.46,1,0,0,0,0,0,0
1240,8,0.22,0.57,0.57,0,0,0,0,1,0,0
1240,9,0.3,0.49,0.6,0,0,0,0,1,0,0
1240,10,0.22,0.7,0.93,0,0,0,0,0,1,0
1240,11,0.23,0.7,0.99,0,0,0,0,0,1,0
1240,12,0.19,0.66,0.59,0,0,0,0,0,1,0
1240,13,0.16,0.38,0.86,0,0,0,0,0,1,0
1240,14,0.37,0.58,0.51,0,0,0,0,0,1,0
1240,15,0.35,0.49,0.73,0,1,0,0,0,0,0
1240,16,0.33,0.45,0.63,0,1,0,0,0,0,0
1240,17,0.36,0.48,0.17,0,1,0,0,0,0,0
1240,18,0.21,0.34,0.35,0,1,0,0,0,0,0
1240,19,0.27,0.7,0.83,0,0,0,1,0,0,0
1240,20,0.19,0.54,0.65,0,0,0,1,0,0,0
1240,21,0.3,0.58,0.29,0,0,0,1,0,0,0
1240,22,0.31,0.57,0.69,0,0,0,1,0,0,0
1240,23,0.3,0.59,0.33,0,0,0,1,0,0,0
1240,24,0.2,0.63,0.94,0,0,0,1,0,0,0
1240,25,0.31,0.42,0.97,0,0,0,1,0,0,0
1240,26,0.22,0.67,0.75,0,0,0,0,0,0,1
1240,27,0.3,0.79,0.94,0,0,0,0,0,0,1
1240,28,0.37,0.75,0.93,0,0,0,0,0,0,1
1240,29,0.33,0.72,0.85,0,0,0,0,0,0,1
1240,30,0.27,0.51,0.77,0,0,1,0,0,0,0
1240,31,0.25,0.43,0.89,0,0,1,0,0,0,0
1240,32,0.29,0.52,0.38,0,0,1,0,0,0,0
1244,1,0.25,0.32,0.55,1,0,0,0,0,0,0
1244,2,0.28,0.32,0.35,1,0,0,0,0,0,0
1244,3,0.24,0.4,0.7,1,0,0,0,0,0,0
1244,4,0.22,0.51,0.8,1,0,0,0,0,0,0
1244,5,0.3,0.45,0.49,1,0,0,0,0,0,0
1244,6,0.27,0.55,0.52,1,0,0,0,0,0,0
1244,7,0.32,0.58,0.71,1,0,0,0,0,0,0
1244,8,0.36,0.41,0.36,0,0,0,0,1,0,0
1244,9,0.27,0.43,0.47,0,0,0,0,1,0,0
1244,10,0.29,0.59,0.96,0,0,0,0,0,1,0
1244,11,0.24,0.64,0.4,0,0,0,0,0,1,0
1244,12,0.27,0.59,0.23,0,0,0,0,0,1,0
1244,13,0.25,0.44,0.45,0,0,0,0,0,1,0
1244,14,0.26,0.29,0.47,0,0,0,0,0,1,0
1244,15,0.19,0.52,0.23,0,1,0,0,0,0,0
1244,16,0.25,0.37,0.81,0,1,0,0,0,0,0
1244,17,0.28,0.49,0.61,0,1,0,0,0,0,0
1244,18,0.36,0.44,0.79,0,1,0,0,0,0,0
1244,19,0.23,0.33,0.38,0,0,0,1,0,0,0
1244,20,0.33,0.49,0.82,0,0,0,1,0,0,0
1244,21,0.19,0.36,0.48,0,0,0,1,0,0,0
1244,22,0.28,0.4,0.86,0,0,0,1,0,0,0
1244,23,0.22,0.54,0.64,0,0,0,1,0,0,0
1244,24,0.34,0.51,0.74,0,0,0,1,0,0,0
1244,25,0.29,0.38,0.85,0,0,0,1,0,0,0
1244,26,0.18,0.39,0.89,0,0,0,0,0,0,1
1244,27,0.32,0.48,0.89,0,0,0,0,0,0,1
1244,28,0.34,0.61,0.86,0,0,0,0,0,0,1
1244,29,0.25,0.48,0.79,0,0,0,0,0,0,1
1244,30,0.37,0.48,0.26,0,0,1,0,0,0,0
1244,31,0.24,0.61,0.25,0,0,1,0,0,0,0
1244,32,0.22,0.54,0.23,0,0,1,0,0,0,0
1245,1,0.3,0.52,0.66,1,0,0,0,0,0,0
1245,2,0.21,0.37,0.17,1,0,0,0,0,0,0
1245,3,0.3,0.59,0.22,1,0,0,0,0,0,0
1245,4,0.32,0.64,0.96,1,0,0,0,0,0,0
1245,5,0.24,0.41,0.93,1,0,0,0,0,0,0
1245,6,0.31,0.61,0.4,1,0,0,0,0,0,0
1245,7,0.39,0.69,0.27,1,0,0,0,0,0,0
1245,8,0.34,0.5,0.77,0,0,0,0,1,0,0
1245,9,0.3,0.37,0.53,0,0,0,0,1,0,0
1245,10,0.28,0.53,0.99,0,0,0,0,0,1,0
1245,11,0.31,0.56,0.93,0,0,0,0,0,1,0
1245,12,0.35,0.52,0.43,0,0,0,0,0,1,0
1245,13,0.28,0.44,0.77,0,0,0,0,0,1,0
1245,14,0.34,0.59,0.62,0,0,0,0,0,1,0
1245,15,0.21,0.8,0.75,0,1,0,0,0,0,0
1245,16,0.29,0.81,0.47,0,1,0,0,0,0,0
1245,17,0.26,0.64,0.13,0,1,0,0,0,0,0
1245,18,0.22,0.51,0.7,0,1,0,0,0,0,0
1245,19,0.18,0.44,0.8,0,0,0,1,0,0,0
1245,20,0.3,0.63,0.43,0,0,0,1,0,0,0
1245,21,0.38,0.72,0.57,0,0,0,1,0,0,0
1245,22,0.31,0.58,0.27,0,0,0,1,0,0,0
1245,23,0.28,0.72,0.73,0,0,0,1,0,0,0
1245,24,0.34,0.76,0.87,0,0,0,1,0,0,0
1245,25,0.22,0.7,0.95,0,0,0,1,0,0,0
1245,26,0.27,0.54,0.94,0,0,0,0,0,0,1
1245,27,0.15,0.46,0.85,0,0,0,0,0,0,1
1245,28,0.31,0.53,0.98,0,0,0,0,0,0,1
1245,29,0.27,0.9,0.86,0,0,0,0,0,0,1
1245,30,0.29,0.62,0.38,0,0,1,0,0,0,0
1245,31,0.24,0.68,0.51,0,0,1,0,0,0,0
1245,32,0.33,0.77,0.61,0,0,1,0,0,0,0
1246,1,0.29,0.42,0.23,1,0,0,0,0,0,0
1246,2,0.27,0.34,0.31,1,0,0,0,0,0,0
1246,3,0.31,0.33,0.88,1,0,0,0,0,0,0
1246,4,0.34,0.47,0.25,1,0,0,0,0,0,0
1246,5,0.22,0.34,0.81,1,0,0,0,0,0,0
1246,6,0.26,0.46,0.58,1,0,0,0,0,0,0
1246,7,0.39,0.39,0.67,1,0,0,0,0,0,0
1246,8,0.23,0.53,0.39,0,0,0,0,1,0,0
1246,9,0.32,0.31,0.44,0,0,0,0,1,0,0
1246,10,0.3,0.58,0.94,0,0,0,0,0,1,0
1246,11,0.18,0.83,0.93,0,0,0,0,0,1,0
1246,12,0.3,0.75,0.1,0,0,0,0,0,1,0
1246,13,0.3,0.51,0.93,0,0,0,0,0,1,0
1246,14,0.31,0.33,0.85,0,0,0,0,0,1,0
1246,15,0.14,0.69,0.21,0,1,0,0,0,0,0
1246,16,0.27,0.59,0.59,0,1,0,0,0,0,0
1246,17,0.21,0.8,0.69,0,1,0,0,0,0,0
1246,18,0.27,0.4,0.54,0,1,0,0,0,0,0
1246,19,0.17,0.29,0.67,0,0,0,1,0,0,0
1246,20,0.22,0.73,0.39,0,0,0,1,0,0,0
1246,21,0.16,0.57,0.61,0,0,0,1,0,0,0
1246,22,0.27,0.68,0.24,0,0,0,1,0,0,0
1246,23,0.36,0.58,0.4,0,0,0,1,0,0,0
1246,24,0.22,0.32,0.98,0,0,0,1,0,0,0
1246,25,0.39,0.32,0.84,0,0,0,1,0,0,0
1246,26,0.31,0.39,0.84,0,0,0,0,0,0,1
1246,27,0.31,0.51,0.86,0,0,0,0,0,0,1
1246,28,0.26,0.44,0.96,0,0,0,0,0,0,1
1246,29,0.3,0.51,0.32,0,0,0,0,0,0,1
1246,30,0.34,0.3,0.93,0,0,1,0,0,0,0
1246,31,0.24,0.31,0.39,0,0,1,0,0,0,0
1246,32,0.34,0.4,0.93,0,0,1,0,0,0,0
1248,1,0.17,0.46,0.78,1,0,0,0,0,0,0
1248,2,0.25,0.3,0.54,1,0,0,0,0,0,0
1248,3,0.23,0.32,0.51,1,0,0,0,0,0,0
1248,4,0.31,0.33,0.55,1,0,0,0,0,0,0
1248,5,0.29,0.32,0.94,1,0,0,0,0,0,0
1248,6,0.23,0.31,0.57,1,0,0,0,0,0,0
1248,7,0.38,0.24,0.56,1,0,0,0,0,0,0
1248,8,0.36,0.48,0.88,0,0,0,0,1,0,0
1248,9,0.28,0.53,0.77,0,0,0,0,1,0,0
1248,10,0.25,0.45,1,0,0,0,0,0,1,0
1248,11,0.26,0.78,0.37,0,0,0,0,0,1,0
1248,12,0.24,0.55,0.33,0,0,0,0,0,1,0
1248,13,0.24,0.7,0.18,0,0,0,0,0,1,0
1248,14,0.28,0.29,0.53,0,0,0,0,0,1,0
1248,15,0.25,0.34,0.7,0,1,0,0,0,0,0
1248,16,0.24,0.36,0.09,0,1,0,0,0,0,0
1248,17,0.46,0.5,0.61,0,1,0,0,0,0,0
1248,18,0.23,0.74,0.84,0,1,0,0,0,0,0
1248,19,0.25,0.32,0.22,0,0,0,1,0,0,0
1248,20,0.21,0.88,0.85,0,0,0,1,0,0,0
1248,21,0.38,0.94,0.27,0,0,0,1,0,0,0
1248,22,0.26,0.76,0.64,0,0,0,1,0,0,0
1248,23,0.31,0.75,0.32,0,0,0,1,0,0,0
1248,24,0.3,0.68,0.96,0,0,0,1,0,0,0
1248,25,0.2,0.69,0.91,0,0,0,1,0,0,0
1248,26,0.2,0.69,0.95,0,0,0,0,0,0,1
1248,27,0.27,0.55,0.89,0,0,0,0,0,0,1
1248,28,0.23,0.49,1,0,0,0,0,0,0,1
1248,29,0.28,0.76,0.45,0,0,0,0,0,0,1
1248,30,0.22,0.61,0.88,0,0,1,0,0,0,0
1248,31,0.24,0.52,0.43,0,0,1,0,0,0,0
1248,32,0.23,0.93,0.64,0,0,1,0,0,0,0
1249,1,0.36,0.41,0.23,1,0,0,0,0,0,0
1249,2,0.22,0.53,0.28,1,0,0,0,0,0,0
1249,3,0.31,0.43,0.69,1,0,0,0,0,0,0
1249,4,0.26,0.35,0.33,1,0,0,0,0,0,0
1249,5,0.24,0.38,0.63,1,0,0,0,0,0,0
1249,6,0.31,0.46,0.51,1,0,0,0,0,0,0
1249,7,0.23,0.63,0.42,1,0,0,0,0,0,0
1249,8,0.27,0.38,0.44,0,0,0,0,1,0,0
1249,9,0.38,0.72,0.82,0,0,0,0,1,0,0
1249,10,0.24,0.73,0.86,0,0,0,0,0,1,0
1249,11,0.27,0.59,0.09,0,0,0,0,0,1,0
1249,12,0.3,0.79,0.51,0,0,0,0,0,1,0
1249,13,0.38,0.56,0.32,0,0,0,0,0,1,0
1249,14,0.33,0.62,0.71,0,0,0,0,0,1,0
1249,15,0.3,0.82,0.57,0,1,0,0,0,0,0
1249,16,0.4,0.87,0.88,0,1,0,0,0,0,0
1249,17,0.26,0.74,0.79,0,1,0,0,0,0,0
1249,18,0.27,0.61,0.2,0,1,0,0,0,0,0
1249,19,0.35,0.24,0.45,0,0,0,1,0,0,0
1249,20,0.24,0.85,0.82,0,0,0,1,0,0,0
1249,21,0.34,0.78,0.92,0,0,0,1,0,0,0
1249,22,0.25,0.75,0.29,0,0,0,1,0,0,0
1249,23,0.33,0.52,0.61,0,0,0,1,0,0,0
1249,24,0.34,0.75,0.06,0,0,0,1,0,0,0
1249,25,0.23,0.62,0.15,0,0,0,1,0,0,0
1249,26,0.26,0.62,0.18,0,0,0,0,0,0,1
1249,27,0.35,0.96,0.78,0,0,0,0,0,0,1
1249,28,0.25,0.83,0.91,0,0,0,0,0,0,1
1249,29,0.29,0.78,0.21,0,0,0,0,0,0,1
1249,30,0.34,0.65,0.79,0,0,1,0,0,0,0
1249,31,0.24,0.77,0.46,0,0,1,0,0,0,0
1249,32,0.21,0.65,0.81,0,0,1,0,0,0,0
1250,1,0.27,0.56,0.98,1,0,0,0,0,0,0
1250,2,0.29,0.44,0.23,1,0,0,0,0,0,0
1250,3,0.29,0.46,0.78,1,0,0,0,0,0,0
1250,4,0.25,0.37,0.34,1,0,0,0,0,0,0
1250,5,0.25,0.34,0.89,1,0,0,0,0,0,0
1250,6,0.34,0.32,0.56,1,0,0,0,0,0,0
1250,7,0.21,0.3,0.58,1,0,0,0,0,0,0
1250,8,0.27,0.39,0.72,0,0,0,0,1,0,0
1250,9,0.3,0.3,0.59,0,0,0,0,1,0,0
1250,10,0.41,0.62,1,0,0,0,0,0,1,0
1250,11,0.26,0.38,0.27,0,0,0,0,0,1,0
1250,12,0.25,0.3,0.59,0,0,0,0,0,1,0
1250,13,0.23,0.35,0.34,0,0,0,0,0,1,0
1250,14,0.17,0.35,0.4,0,0,0,0,0,1,0
1250,15,0.28,0.66,0.33,0,1,0,0,0,0,0
1250,16,0.3,0.53,0.41,0,1,0,0,0,0,0
1250,17,0.26,0.64,0.28,0,1,0,0,0,0,0
1250,18,0.25,0.76,0.58,0,1,0,0,0,0,0
1250,19,0.3,0.62,0.84,0,0,0,1,0,0,0
1250,20,0.41,0.49,0.34,0,0,0,1,0,0,0
1250,21,0.16,0.56,0.05,0,0,0,1,0,0,0
1250,22,0.25,0.53,0.65,0,0,0,1,0,0,0
1250,23,0.31,0.64,0.27,0,0,0,1,0,0,0
1250,24,0.29,0.75,0.76,0,0,0,1,0,0,0
1250,25,0.39,0.52,0.89,0,0,0,1,0,0,0
1250,26,0.25,0.61,0.9,0,0,0,0,0,0,1
1250,27,0.21,0.38,0.97,0,0,0,0,0,0,1
1250,28,0.36,0.64,0.91,0,0,0,0,0,0,1
1250,29,0.28,0.56,0.32,0,0,0,0,0,0,1
1250,30,0.23,0.26,0.55,0,0,1,0,0,0,0
1250,31,0.28,0.31,0.76,0,0,1,0,0,0,0
1250,32,0.25,0.58,0.37,0,0,1,0,0,0,0
1252,1,0.2,0.66,0.78,1,0,0,0,0,0,0
1252,2,0.22,0.46,0.03,1,0,0,0,0,0,0
1252,3,0.25,0.44,0.18,1,0,0,0,0,0,0
1252,4,0.35,0.59,0.69,1,0,0,0,0,0,0
1252,5,0.33,0.64,0.38,1,0,0,0,0,0,0
1252,6,0.34,0.44,0.57,1,0,0,0,0,0,0
1252,7,0.29,0.38,0.65,1,0,0,0,0,0,0
1252,8,0.26,0.5,0.56,0,0,0,0,1,0,0
1252,9,0.31,0.47,0.83,0,0,0,0,1,0,0
1252,10,0.28,0.69,0.91,0,0,0,0,0,1,0
1252,11,0.35,0.54,0.94,0,0,0,0,0,1,0
1252,12,0.27,0.57,0.68,0,0,0,0,0,1,0
1252,13,0.29,0.34,0.2,0,0,0,0,0,1,0
1252,14,0.25,0.58,0.43,0,0,0,0,0,1,0
1252,15,0.31,0.43,0.84,0,1,0,0,0,0,0
1252,16,0.23,0.56,0.81,0,1,0,0,0,0,0
1252,17,0.34,0.53,0.35,0,1,0,0,0,0,0
1252,18,0.24,0.75,0.54,0,1,0,0,0,0,0
1252,19,0.43,0.48,0.52,0,0,0,1,0,0,0
1252,20,0.25,0.61,0.9,0,0,0,1,0,0,0
1252,21,0.24,0.57,0.68,0,0,0,1,0,0,0
1252,22,0.34,0.52,0.64,0,0,0,1,0,0,0
1252,23,0.3,1.03,0.13,0,0,0,1,0,0,0
1252,24,0.27,0.59,0.96,0,0,0,1,0,0,0
1252,25,0.23,0.65,0.97,0,0,0,1,0,0,0
1252,26,0.36,0.58,0.95,0,0,0,0,0,0,1
1252,27,0.27,0.5,0.89,0,0,0,0,0,0,1
1252,28,0.27,0.7,0.94,0,0,0,0,0,0,1
1252,29,0.33,0.56,0.8,0,0,0,0,0,0,1
1252,30,0.32,0.3,0.64,0,0,1,0,0,0,0
1252,31,0.25,0.32,0.11,0,0,1,0,0,0,0
1252,32,0.19,0.39,0.92,0,0,1,0,0,0,0
1253,1,0.18,0.27,0.61,1,0,0,0,0,0,0
1253,2,0.32,0.28,0.34,1,0,0,0,0,0,0
1253,3,0.26,0.25,0.5,1,0,0,0,0,0,0
1253,4,0.31,0.23,0.3,1,0,0,0,0,0,0
1253,5,0.21,0.33,0.25,1,0,0,0,0,0,0
1253,6,0.25,0.61,0.52,1,0,0,0,0,0,0
1253,7,0.4,0.38,0.36,1,0,0,0,0,0,0
1253,8,0.26,0.23,0.15,0,0,0,0,1,0,0
1253,9,0.22,0.34,0.61,0,0,0,0,1,0,0
1253,10,0.29,0.63,1,0,0,0,0,0,1,0
1253,11,0.25,0.79,0.08,0,0,0,0,0,1,0
1253,12,0.29,0.39,0.61,0,0,0,0,0,1,0
1253,13,0.34,0.56,0.93,0,0,0,0,0,1,0
1253,14,0.27,0.45,0.36,0,0,0,0,0,1,0
1253,15,0.21,0.4,0.73,0,1,0,0,0,0,0
1253,16,0.22,0.53,0.36,0,1,0,0,0,0,0
1253,17,0.33,0.33,0.55,0,1,0,0,0,0,0
1253,18,0.32,0.54,0.43,0,1,0,0,0,0,0
1253,19,0.24,0.47,0.67,0,0,0,1,0,0,0
1253,20,0.32,0.35,0.61,0,0,0,1,0,0,0
1253,21,0.24,0.37,0.31,0,0,0,1,0,0,0
1253,22,0.38,0.64,0.9,0,0,0,1,0,0,0
1253,23,0.21,0.56,0.33,0,0,0,1,0,0,0
1253,24,0.25,0.42,0.78,0,0,0,1,0,0,0
1253,25,0.31,0.32,0.56,0,0,0,1,0,0,0
1253,26,0.3,0.28,0.58,0,0,0,0,0,0,1
1253,27,0.32,0.25,0.66,0,0,0,0,0,0,1
1253,28,0.25,0.42,0.94,0,0,0,0,0,0,1
1253,29,0.36,0.39,0.3,0,0,0,0,0,0,1
1253,30,0.22,0.28,0.67,0,0,1,0,0,0,0
1253,31,0.34,0.37,0.11,0,0,1,0,0,0,0
1253,32,0.22,0.54,0.5,0,0,1,0,0,0,0
1256,1,0.26,0.59,0.64,1,0,0,0,0,0,0
1256,2,0.22,0.5,0.1,1,0,0,0,0,0,0
1256,3,0.24,0.38,0.49,1,0,0,0,0,0,0
1256,4,0.3,0.58,0.77,1,0,0,0,0,0,0
1256,5,0.32,0.31,0.49,1,0,0,0,0,0,0
1256,6,0.31,0.27,0.7,1,0,0,0,0,0,0
1256,7,0.29,0.49,0.13,1,0,0,0,0,0,0
1256,8,0.31,0.35,0.23,0,0,0,0,1,0,0
1256,9,0.27,0.51,0.7,0,0,0,0,1,0,0
1256,10,0.25,0.41,0.89,0,0,0,0,0,1,0
1256,11,0.25,0.44,0.73,0,0,0,0,0,1,0
1256,12,0.21,0.54,0.74,0,0,0,0,0,1,0
1256,13,0.3,0.22,0.5,0,0,0,0,0,1,0
1256,14,0.25,0.38,0.94,0,0,0,0,0,1,0
1256,15,0.21,0.48,0.73,0,1,0,0,0,0,0
1256,16,0.14,0.46,0.54,0,1,0,0,0,0,0
1256,17,0.3,0.51,0.72,0,1,0,0,0,0,0
1256,18,0.34,0.58,0.57,0,1,0,0,0,0,0
1256,19,0.26,0.51,0.5,0,0,0,1,0,0,0
1256,20,0.31,0.6,0.73,0,0,0,1,0,0,0
1256,21,0.27,0.45,0.58,0,0,0,1,0,0,0
1256,22,0.28,0.6,0.17,0,0,0,1,0,0,0
1256,23,0.36,0.45,0.69,0,0,0,1,0,0,0
1256,24,0.31,0.64,0.79,0,0,0,1,0,0,0
1256,25,0.11,0.52,0.64,0,0,0,1,0,0,0
1256,26,0.21,0.78,0.61,0,0,0,0,0,0,1
1256,27,0.3,0.55,0.87,0,0,0,0,0,0,1
1256,28,0.29,0.47,1,0,0,0,0,0,0,1
1256,29,0.21,0.85,0.27,0,0,0,0,0,0,1
1256,30,0.32,0.4,0.86,0,0,1,0,0,0,0
1256,31,0.24,0.7,0.92,0,0,1,0,0,0,0
1256,32,0.23,0.88,0.45,0,0,1,0,0,0,0
1262,1,0.34,0.54,0.93,1,0,0,0,0,0,0
1262,2,0.23,0.36,0.07,1,0,0,0,0,0,0
1262,3,0.19,0.5,0.37,1,0,0,0,0,0,0
1262,4,0.22,0.33,0.52,1,0,0,0,0,0,0
1262,5,0.37,0.34,0.89,1,0,0,0,0,0,0
1262,6,0.24,0.5,0.38,1,0,0,0,0,0,0
1262,7,0.3,0.38,0.69,1,0,0,0,0,0,0
1262,8,0.23,0.35,0.61,0,0,0,0,1,0,0
1262,9,0.32,0.35,0.56,0,0,0,0,1,0,0
1262,10,0.29,0.41,1,0,0,0,0,0,1,0
1262,11,0.34,0.69,0.96,0,0,0,0,0,1,0
1262,12,0.23,0.31,0.65,0,0,0,0,0,1,0
1262,13,0.26,0.62,0.48,0,0,0,0,0,1,0
1262,14,0.39,0.36,0.75,0,0,0,0,0,1,0
1262,15,0.29,0.51,0.41,0,1,0,0,0,0,0
1262,16,0.29,0.41,0.5,0,1,0,0,0,0,0
1262,17,0.31,0.63,0.44,0,1,0,0,0,0,0
1262,18,0.32,0.75,0.24,0,1,0,0,0,0,0
1262,19,0.31,0.45,0.35,0,0,0,1,0,0,0
1262,20,0.2,0.56,0.37,0,0,0,1,0,0,0
1262,21,0.29,0.5,0.66,0,0,0,1,0,0,0
1262,22,0.28,0.73,0.77,0,0,0,1,0,0,0
1262,23,0.25,0.52,0.33,0,0,0,1,0,0,0
1262,24,0.25,0.47,0.74,0,0,0,1,0,0,0
1262,25,0.37,0.43,0.75,0,0,0,1,0,0,0
1262,26,0.2,0.5,0.76,0,0,0,0,0,0,1
1262,27,0.26,0.54,0.83,0,0,0,0,0,0,1
1262,28,0.28,0.59,0.85,0,0,0,0,0,0,1
1262,29,0.38,0.56,0.04,0,0,0,0,0,0,1
1262,30,0.31,0.34,0.77,0,0,1,0,0,0,0
1262,31,0.21,0.35,0.77,0,0,1,0,0,0,0
1262,32,0.3,0.46,0.78,0,0,1,0,0,0,0
1263,1,0.3,0.36,0.94,1,0,0,0,0,0,0
1263,2,0.26,0.57,0.15,1,0,0,0,0,0,0
1263,3,0.28,0.38,0.63,1,0,0,0,0,0,0
1263,4,0.28,0.39,0.83,1,0,0,0,0,0,0
1263,5,0.2,0.69,0.25,1,0,0,0,0,0,0
1263,6,0.34,0.22,0.66,1,0,0,0,0,0,0
1263,7,0.17,0.51,0.57,1,0,0,0,0,0,0
1263,8,0.44,0.52,0.14,0,0,0,0,1,0,0
1263,9,0.32,0.41,0.65,0,0,0,0,1,0,0
1263,10,0.28,0.59,0.95,0,0,0,0,0,1,0
1263,11,0.33,0.54,0.96,0,0,0,0,0,1,0
1263,12,0.26,0.61,0.29,0,0,0,0,0,1,0
1263,13,0.3,0.3,0.78,0,0,0,0,0,1,0
1263,14,0.27,0.63,0.84,0,0,0,0,0,1,0
1263,15,0.18,0.82,0.67,0,1,0,0,0,0,0
1263,16,0.21,0.76,0.24,0,1,0,0,0,0,0
1263,17,0.27,0.8,0.44,0,1,0,0,0,0,0
1263,18,0.22,0.71,0.11,0,1,0,0,0,0,0
1263,19,0.28,0.46,0.72,0,0,0,1,0,0,0
1263,20,0.34,0.57,0.76,0,0,0,1,0,0,0
1263,21,0.27,0.56,0.25,0,0,0,1,0,0,0
1263,22,0.27,0.77,0.7,0,0,0,1,0,0,0
1263,23,0.4,0.61,0.4,0,0,0,1,0,0,0
1263,24,0.32,0.48,0.62,0,0,0,1,0,0,0
1263,25,0.37,0.37,0.85,0,0,0,1,0,0,0
1263,26,0.27,0.69,0.59,0,0,0,0,0,0,1
1263,27,0.27,0.52,0.88,0,0,0,0,0,0,1
1263,28,0.18,0.57,0.97,0,0,0,0,0,0,1
1263,29,0.32,0.76,0.79,0,0,0,0,0,0,1
1263,30,0.33,0.45,0.36,0,0,1,0,0,0,0
1263,31,0.35,0.61,0.93,0,0,1,0,0,0,0
1263,32,0.22,0.64,0.81,0,0,1,0,0,0,0
